0 649 0 0 552 74 48 2
0 649 1 0 552 74 48 2
0 649 2 0 552 74 48 2
0 649 3 0 552 74 48 2
0 649 4 0 552 74 48 2
0 649 5 0 552 74 48 2
0 649 6 0 552 74 48 2
0 649 7 0 552 74 48 2
0 649 8 0 552 74 48 2
0 649 9 0 552 74 48 2
0 649 10 0 552 74 48 2
0 649 11 0 552 74 48 2
0 649 12 0 552 74 48 2
0 649 13 0 552 74 48 2
0 649 14 0 552 74 48 2
0 649 15 0 552 74 48 2
0 649 16 0 552 74 48 2
0 649 17 0 552 74 48 2
0 649 18 0 552 74 48 2
0 649 19 0 552 74 48 2
0 649 20 0 552 74 48 2
0 649 21 0 552 74 48 2
0 649 22 0 552 74 48 2
0 649 23 0 552 74 48 2
0 649 24 0 552 74 48 2
0 649 25 0 552 74 48 2
0 649 26 0 552 74 48 2
0 649 27 0 552 74 48 2
0 649 28 0 552 74 48 2
0 649 29 0 552 74 48 2
0 649 30 0 552 74 48 2
0 649 31 0 552 74 48 2
0 649 32 0 552 74 48 2
0 649 33 0 552 74 48 2
0 649 34 0 552 74 48 2
0 649 35 0 552 74 48 2
0 649 36 0 552 74 48 2
0 649 37 0 552 74 48 2
0 649 38 0 552 74 48 2
0 649 39 0 552 74 48 2
0 649 40 0 552 74 48 2
0 649 41 0 552 74 48 2
0 649 42 0 552 74 48 2
0 649 43 0 552 74 48 2
0 649 44 0 552 74 48 2
0 649 45 0 552 74 48 2
0 649 46 0 552 74 48 2
0 649 47 0 552 74 48 2
0 649 48 0 552 74 48 2
0 649 49 0 552 74 48 2
0 649 50 0 552 74 48 2
0 649 51 0 552 74 48 2
0 649 52 0 552 74 48 2
0 649 53 0 552 74 48 2
0 649 54 0 552 74 48 2
0 649 55 0 552 74 48 2
0 649 56 0 552 74 48 2
0 649 57 0 552 74 48 2
0 649 58 0 552 74 48 2
0 649 59 0 552 74 48 2
0 649 60 0 552 74 48 2
0 649 61 0 552 74 48 2
0 649 62 0 552 74 48 2
0 649 63 0 552 74 48 2
0 649 64 0 552 74 48 2
0 649 65 0 552 74 48 2
0 649 66 0 552 74 48 2
0 649 67 0 552 74 48 2
0 649 68 0 552 74 48 2
0 649 69 0 552 74 48 2
0 649 70 0 552 74 48 2
0 649 71 0 552 74 48 2
0 649 72 0 552 74 48 2
0 649 73 0 552 74 48 2
0 649 74 0 552 74 48 2
0 649 75 0 552 74 48 2
0 649 76 0 552 74 48 2
0 649 77 0 552 74 48 2
0 649 78 0 552 74 48 2
0 649 79 0 552 74 48 2
0 649 80 0 552 74 48 2
0 649 81 0 552 74 48 2
0 649 82 0 552 74 48 2
0 649 83 0 552 74 48 2
0 649 84 0 552 74 48 2
0 649 85 0 552 74 48 2
0 649 86 0 552 74 48 2
0 649 87 0 552 74 48 2
0 649 88 0 552 74 48 2
0 649 89 0 552 74 48 2
0 649 90 0 552 74 48 2
0 649 91 0 552 74 48 2
0 649 92 0 552 74 48 2
0 649 93 0 552 74 48 2
0 649 94 0 552 74 48 2
0 649 95 0 552 74 48 2
0 649 96 0 552 74 48 2
0 649 97 0 552 74 48 2
0 649 98 0 552 74 48 2
0 649 99 0 552 74 48 2
0 649 100 0 552 74 48 2
0 649 101 0 552 74 48 2
0 649 102 0 552 74 48 2
0 649 103 0 552 74 48 2
0 649 104 0 552 74 48 2
0 649 105 0 552 74 48 2
0 649 106 0 552 74 48 2
0 649 107 0 552 74 48 2
0 649 108 0 552 74 48 2
0 649 109 0 552 74 48 2
0 649 110 0 552 74 48 2
0 649 111 0 552 74 48 2
0 649 112 0 552 74 48 2
0 649 113 0 552 74 48 2
0 649 114 0 552 74 48 2
0 649 115 0 552 74 48 2
0 649 116 0 552 74 48 2
0 649 117 0 552 74 48 2
0 649 118 0 552 74 48 2
0 649 119 0 552 74 48 2
0 649 120 0 552 74 48 2
0 649 121 0 552 74 48 2
0 649 122 0 552 74 48 2
0 649 123 0 552 74 48 2
0 649 124 0 552 74 48 2
0 649 125 0 552 74 48 2
0 649 126 0 552 74 48 2
0 649 127 0 552 74 48 2
0 649 128 0 552 74 48 2
0 649 129 0 552 74 48 2
0 649 130 0 552 74 48 2
0 649 131 0 552 74 48 2
0 649 132 0 552 74 48 2
0 649 133 0 552 74 48 2
0 649 134 0 552 74 48 2
0 649 135 0 552 74 48 2
0 649 136 0 552 74 48 2
0 649 137 0 552 74 48 2
0 649 138 0 552 74 48 2
0 649 139 0 552 74 48 2
0 649 140 0 552 74 48 2
0 649 141 0 552 74 48 2
0 649 142 0 552 74 48 2
0 649 143 0 552 74 48 2
0 649 144 0 552 74 48 2
0 649 145 0 552 74 48 2
0 649 146 0 552 74 48 2
0 649 147 0 552 74 48 2
0 649 148 0 552 74 48 2
0 649 149 0 552 74 48 2
0 649 150 0 552 74 48 2
0 649 151 0 552 74 48 2
0 649 152 0 552 74 48 2
0 649 153 0 552 74 48 2
0 649 154 0 552 74 48 2
0 649 155 0 552 74 48 2
0 649 156 0 552 74 48 2
0 649 157 0 552 74 48 2
0 649 158 0 552 74 48 2
0 649 159 0 552 74 48 2
0 649 160 0 552 74 48 2
0 649 161 0 552 74 48 2
0 649 162 0 552 74 48 2
0 649 163 0 552 74 48 2
0 649 164 0 552 74 48 2
0 649 165 0 552 74 48 2
0 649 166 0 552 74 48 2
0 649 167 0 552 74 48 2
0 649 168 0 552 74 48 2
0 649 169 0 552 74 48 2
0 649 170 0 552 74 48 2
0 649 171 0 552 74 48 2
0 649 172 0 552 74 48 2
0 649 173 0 552 74 48 2
0 649 174 0 552 74 48 2
0 649 175 0 552 74 48 2
0 649 176 0 552 74 48 2
0 649 177 0 552 74 48 2
0 649 178 0 552 74 48 2
0 649 179 0 552 74 48 2
0 649 180 0 552 74 48 2
0 649 181 0 552 74 48 2
0 649 182 0 552 74 48 2
0 649 183 0 552 74 48 2
0 649 184 0 552 74 48 2
0 649 185 0 552 74 48 2
0 649 186 0 552 74 48 2
0 649 187 0 552 74 48 2
0 649 188 0 552 74 48 2
0 649 189 0 552 74 48 2
0 649 190 0 552 74 48 2
0 649 191 0 552 74 48 2
0 649 192 0 552 74 48 2
0 649 193 0 552 74 48 2
0 649 194 0 552 74 48 2
0 649 195 0 552 74 48 2
0 649 196 0 552 74 48 2
0 649 197 0 552 74 48 2
0 649 198 0 552 74 48 2
0 649 199 0 552 74 48 2
0 649 200 0 552 74 48 2
0 649 201 0 552 74 48 2
0 649 202 0 552 74 48 2
0 649 203 0 552 74 48 2
0 649 204 0 552 74 48 2
0 649 205 0 552 74 48 2
0 649 206 0 552 74 48 2
0 649 207 0 552 74 48 2
0 649 208 0 552 74 48 2
0 649 209 0 552 74 48 2
0 649 210 0 552 74 48 2
0 649 211 0 552 74 48 2
0 649 212 0 552 74 48 2
0 649 213 0 552 74 48 2
0 649 214 0 552 74 48 2
0 649 215 0 552 74 48 2
0 649 216 0 552 74 48 2
0 649 217 0 552 74 48 2
0 649 218 0 552 74 48 2
0 649 219 0 552 74 48 2
0 649 220 0 552 74 48 2
0 649 221 0 552 74 48 2
0 649 222 0 552 74 48 2
0 649 223 0 552 74 48 2
0 649 224 0 552 74 48 2
0 649 225 0 552 74 48 2
0 649 226 0 552 74 48 2
0 649 227 0 552 74 48 2
0 649 228 0 552 74 48 2
0 649 229 0 552 74 48 2
0 649 230 0 552 74 48 2
0 649 231 0 552 74 48 2
0 649 232 0 552 74 48 2
0 649 233 0 552 74 48 2
0 649 234 0 552 74 48 2
0 649 235 0 552 74 48 2
0 649 236 0 552 74 48 2
0 649 237 0 552 74 48 2
0 649 238 0 552 74 48 2
0 649 239 0 552 74 48 2
0 649 240 0 552 74 48 2
0 649 241 0 552 74 48 2
0 649 242 0 552 74 48 2
0 649 243 0 552 74 48 2
0 649 244 0 552 74 48 2
0 649 245 0 552 74 48 2
0 649 246 0 552 74 48 2
0 649 247 0 552 74 48 2
0 649 248 0 552 74 48 2
0 649 249 0 552 74 48 2
0 649 250 0 552 74 48 2
0 649 251 0 552 74 48 2
0 649 252 0 552 74 48 2
0 649 253 0 552 74 48 2
0 649 254 0 552 74 48 2
0 649 255 0 552 74 48 2
0 649 256 0 552 74 48 2
0 649 257 0 552 74 48 2
0 649 258 0 552 74 48 2
0 649 259 0 552 74 48 2
0 649 260 0 552 74 48 2
0 649 261 0 552 74 48 2
0 649 262 0 552 74 48 2
0 649 263 0 552 74 48 2
0 649 264 0 552 74 48 2
0 649 265 0 552 74 48 2
0 649 266 0 552 74 48 2
0 649 267 0 552 74 48 2
0 649 268 0 552 74 48 2
0 649 269 0 552 74 48 2
0 649 270 0 552 74 48 2
0 649 271 0 552 74 48 2
0 649 272 0 552 74 48 2
0 649 273 0 552 74 48 2
0 649 274 0 552 74 48 2
0 649 275 0 552 74 48 2
0 649 276 0 552 74 48 2
0 649 277 0 552 74 48 2
0 649 278 0 552 74 48 2
0 649 279 0 552 74 48 2
0 649 280 0 552 74 48 2
0 649 281 0 552 74 48 2
0 649 282 0 552 74 48 2
0 649 283 0 552 74 48 2
0 649 284 0 552 74 48 2
0 649 285 0 552 74 48 2
0 649 286 0 552 74 48 2
0 649 287 0 552 74 48 2
0 649 288 0 552 74 48 2
0 649 289 0 552 74 48 2
0 649 290 0 552 74 48 2
0 649 291 0 552 74 48 2
0 649 292 0 552 74 48 2
0 649 293 0 552 74 48 2
0 649 294 0 552 74 48 2
0 649 295 0 552 74 48 2
0 649 296 0 552 74 48 2
0 649 297 0 552 74 48 2
0 649 298 0 552 74 48 2
0 649 299 0 552 74 48 2
0 649 300 0 552 74 48 2
0 649 301 0 552 74 45 2
0 649 302 0 552 74 45 2
0 649 303 0 552 74 45 2
0 649 304 0 552 74 45 2
0 649 305 0 552 74 45 2
0 649 306 0 552 74 45 2
0 649 307 0 552 74 45 2
0 649 308 0 552 74 45 2
0 649 309 0 552 74 45 2
0 649 310 0 552 74 45 2
0 649 311 0 552 74 45 2
0 649 312 0 552 74 45 2
0 649 313 0 552 74 45 2
0 649 314 0 552 74 45 2
0 649 315 0 552 74 45 2
0 649 316 0 552 74 45 2
0 649 317 0 552 74 45 2
0 649 318 0 552 74 45 2
0 649 319 0 552 74 45 2
0 649 320 0 552 74 45 2
0 649 321 0 552 74 45 2
0 649 322 0 552 74 45 2
0 649 323 0 552 74 45 2
0 649 324 0 552 74 45 2
0 649 325 0 552 74 45 2
0 649 326 0 552 74 45 2
0 649 327 0 552 74 45 2
0 649 328 0 552 74 45 2
0 649 329 0 552 74 45 2
0 649 330 0 552 74 45 2
0 649 331 0 552 74 45 2
0 649 332 0 552 74 45 2
0 649 333 0 552 74 45 2
0 649 334 0 552 74 45 2
0 649 335 0 552 74 45 2
0 649 336 0 552 74 45 2
0 649 337 0 552 74 45 2
0 649 338 0 552 74 45 2
0 649 339 0 552 74 45 2
0 649 340 0 552 74 45 2
0 649 341 0 552 74 45 2
0 649 342 0 552 74 45 2
0 649 343 0 552 74 45 2
0 649 344 0 552 74 45 2
0 649 345 0 552 74 45 2
0 649 346 0 552 74 45 2
0 649 347 0 552 74 45 2
0 649 348 0 552 74 45 2
0 649 349 0 552 74 45 2
0 649 350 0 552 74 45 2
0 649 351 0 552 74 45 2
0 649 352 0 552 74 45 2
0 649 353 0 552 74 45 2
0 649 354 0 552 74 45 2
0 649 355 0 552 74 45 2
0 649 356 0 552 74 45 2
0 649 357 0 552 74 45 2
0 649 358 0 552 74 45 2
0 649 359 0 552 74 45 2
0 649 360 0 552 74 45 2
0 649 361 0 552 74 45 2
0 649 362 0 552 74 45 2
0 649 363 0 552 74 45 2
0 649 364 0 552 74 45 2
0 649 365 0 552 74 45 2
0 649 366 0 552 74 45 2
0 649 367 0 552 74 45 2
0 649 368 0 552 74 45 2
0 649 369 0 552 74 45 2
0 649 370 0 552 74 45 2
0 649 371 0 552 74 45 2
0 649 372 0 552 74 45 2
0 649 373 0 552 74 45 2
0 649 374 0 552 74 45 2
0 649 375 0 552 74 45 2
0 649 376 0 552 74 45 2
0 649 377 0 552 74 45 2
0 649 378 0 552 74 45 2
0 649 379 0 552 74 45 2
0 649 380 0 552 74 45 2
0 649 381 0 552 74 45 2
0 649 382 0 552 74 45 2
0 649 383 0 552 74 45 2
0 649 384 0 552 74 45 2
0 649 385 0 552 74 45 2
0 649 386 0 552 74 45 2
0 649 387 0 552 74 45 2
0 649 388 0 552 74 45 2
0 649 389 0 552 74 45 2
0 649 390 0 552 74 45 2
0 649 391 0 552 74 45 2
0 649 392 0 552 74 45 2
0 649 393 0 552 74 45 2
0 649 394 0 552 74 45 2
0 649 395 0 552 74 45 2
0 649 396 0 552 74 45 2
0 649 397 0 552 74 45 2
0 649 398 0 552 74 45 2
0 649 399 0 552 74 45 2
0 649 400 0 552 74 45 2
0 649 401 0 552 74 45 2
0 649 402 0 552 74 45 2
0 649 403 0 552 74 45 2
0 649 404 0 552 74 45 2
0 649 405 0 552 74 45 2
0 649 406 0 552 74 45 2
0 649 407 0 552 74 45 2
0 649 408 0 552 74 45 2
0 649 409 0 552 74 45 2
0 649 410 0 552 74 45 2
0 649 411 0 552 74 45 2
0 649 412 0 552 74 45 2
0 649 413 0 552 74 45 2
0 649 414 0 552 74 45 2
0 649 415 0 552 74 45 2
0 649 416 0 552 74 45 2
0 649 417 0 552 74 45 2
0 649 418 0 552 74 45 2
0 649 419 0 552 74 45 2
0 649 420 0 552 74 45 2
0 649 421 0 552 74 45 2
0 649 422 0 552 74 45 2
0 649 423 0 552 74 45 2
0 649 424 0 552 74 45 2
0 649 425 0 552 74 45 2
0 649 426 0 552 74 45 2
0 649 427 0 552 74 45 2
0 649 428 0 552 74 45 2
0 649 429 0 552 74 45 2
0 649 430 0 552 74 45 2
0 649 431 0 552 74 45 2
0 649 432 0 552 74 45 2
0 649 433 0 552 74 45 2
0 649 434 0 552 74 45 2
0 649 435 0 552 74 45 2
0 649 436 0 552 74 45 2
0 649 437 0 552 74 45 2
0 649 438 0 552 74 45 2
0 649 439 0 552 74 45 2
0 649 440 0 552 74 45 2
0 649 441 0 552 74 45 2
0 649 442 0 552 74 45 2
0 649 443 0 552 74 45 2
0 649 444 0 552 74 45 2
0 649 445 0 552 74 45 2
0 649 446 0 552 74 45 2
0 649 447 0 552 74 45 2
0 649 448 0 552 74 45 2
0 649 449 0 552 74 45 2
0 649 450 0 552 74 45 2
0 649 451 0 552 74 45 2
0 649 452 0 552 74 45 2
0 649 453 0 552 74 45 2
0 649 454 0 552 74 45 2
0 649 455 0 552 74 45 2
0 649 456 0 552 74 45 2
0 649 457 0 552 74 45 2
0 649 458 0 552 74 45 2
0 649 459 0 552 74 45 2
0 649 460 0 552 74 45 2
0 649 461 0 552 74 45 2
0 649 462 0 552 74 45 2
0 649 463 0 552 74 45 2
0 649 464 0 552 74 45 2
0 649 465 0 552 74 45 2
0 649 466 0 552 74 45 2
0 649 467 0 552 74 45 2
0 649 468 0 552 74 45 2
0 649 469 0 552 74 45 2
0 649 470 0 552 74 45 2
0 649 471 0 552 74 45 2
0 649 472 0 552 74 45 2
0 649 473 0 552 74 45 2
0 649 474 0 552 74 45 2
0 649 475 0 552 74 45 2
0 649 476 0 552 74 45 2
0 649 477 0 552 74 45 2
0 649 478 0 552 74 45 2
0 649 479 0 552 74 45 2
0 649 480 0 552 74 45 2
0 649 481 0 552 74 45 2
0 649 482 0 552 74 45 2
0 649 483 0 552 74 45 2
0 649 484 0 552 74 45 2
0 649 485 0 552 74 45 2
0 649 486 0 552 74 45 2
0 649 487 0 552 74 45 2
0 649 488 0 552 74 45 2
0 649 489 0 552 74 45 2
0 649 490 0 552 74 45 2
0 649 491 0 552 74 45 2
0 649 492 0 552 74 45 2
0 649 493 0 552 74 45 2
0 649 494 0 552 74 45 2
0 649 495 0 552 74 45 2
0 649 496 0 552 74 45 2
0 649 497 0 552 74 45 2
0 649 498 0 552 74 45 2
0 649 499 0 552 74 45 2
0 649 500 0 552 74 45 2
0 649 501 0 552 74 45 2
0 649 502 0 552 74 45 2
0 649 503 0 552 74 45 2
0 649 504 0 552 74 45 2
0 649 505 0 552 74 45 2
0 649 506 0 552 74 45 2
0 649 507 0 552 74 45 2
0 649 508 0 552 74 45 2
0 649 509 0 552 74 45 2
0 649 510 0 552 74 45 2
0 649 511 0 552 74 45 2
0 649 512 0 552 74 45 2
0 649 513 0 552 74 45 2
0 649 514 0 552 74 45 2
0 649 515 0 552 74 45 2
0 649 516 0 552 74 45 2
0 649 517 0 552 74 45 2
0 649 518 0 552 74 45 2
0 649 519 0 552 74 45 2
0 649 520 0 552 74 45 2
0 649 521 0 552 74 45 2
0 649 522 0 552 74 45 2
0 649 523 0 552 74 45 2
0 649 524 0 552 74 45 2
0 649 525 0 552 74 45 2
0 649 526 0 552 74 45 2
0 649 527 0 552 74 45 2
0 649 528 0 552 74 45 2
0 649 529 0 552 74 45 2
0 649 530 0 552 74 45 2
0 649 531 0 552 74 45 2
0 649 532 0 552 74 45 2
0 649 533 0 552 74 45 2
0 649 534 0 552 74 45 2
0 649 535 0 552 74 45 2
0 649 536 0 552 74 45 2
0 649 537 0 552 74 45 2
0 649 538 0 552 74 45 2
0 649 539 0 552 74 45 2
0 649 540 0 552 74 45 2
0 649 541 0 552 74 45 2
0 649 542 0 552 74 45 2
0 649 543 0 552 74 45 2
0 649 544 0 552 74 45 2
0 649 545 0 552 74 45 2
0 649 546 0 552 74 45 2
0 649 547 0 552 74 45 2
0 649 548 0 552 74 45 2
0 649 549 0 552 74 45 2
0 649 550 0 552 74 45 2
0 649 551 0 552 74 45 2
0 649 552 0 552 74 45 2
0 649 553 0 552 74 45 2
0 649 554 0 552 74 45 2
0 649 555 0 552 74 45 2
0 649 556 0 552 74 45 2
0 649 557 0 552 74 45 2
0 649 558 0 552 74 45 2
0 649 559 0 552 74 45 2
0 649 560 0 552 74 45 2
0 649 561 0 552 74 45 2
0 649 562 0 552 74 45 2
0 649 563 0 552 74 45 2
0 649 564 0 552 74 45 2
0 649 565 0 552 74 45 2
0 649 566 0 552 74 45 2
0 649 567 0 552 74 45 2
0 649 568 0 552 74 45 2
0 649 569 0 552 74 45 2
0 649 570 0 552 74 45 2
0 649 571 0 552 74 45 2
0 649 572 0 552 74 45 2
0 649 573 0 552 74 45 2
0 649 574 0 552 74 45 2
0 649 575 0 552 74 45 2
0 649 576 0 552 74 45 2
0 649 577 0 552 74 45 2
0 649 578 0 552 74 45 2
0 649 579 0 552 74 45 2
0 649 580 0 552 74 45 2
0 649 581 0 552 74 45 2
0 649 582 0 552 74 45 2
0 649 583 0 552 74 45 2
0 649 584 0 552 74 45 2
0 649 585 0 552 74 45 2
0 649 586 0 552 74 45 2
0 649 587 0 552 74 45 2
0 649 588 0 552 74 45 2
0 649 589 0 552 74 45 2
0 649 590 0 552 74 45 2
0 649 591 0 552 74 45 2
0 649 592 0 552 74 45 2
0 649 593 0 552 74 45 2
0 649 594 0 552 74 45 2
0 649 595 0 552 74 45 2
0 649 596 0 552 74 45 2
0 649 597 0 552 74 45 2
0 649 598 0 552 74 45 2
0 649 599 0 552 74 45 2
0 649 600 0 552 77 45 2
0 649 601 0 552 74 45 2
0 649 602 0 552 74 45 2
0 649 603 0 552 74 45 2
0 649 604 0 552 74 45 2
0 649 605 0 552 74 45 2
0 649 606 0 552 74 45 2
0 649 607 0 552 74 45 2
0 649 608 0 552 74 45 2
0 649 609 0 552 74 45 2
0 649 610 0 552 74 45 2
0 649 611 0 552 74 45 2
0 649 612 0 552 74 45 2
0 649 613 0 552 74 45 2
0 649 614 0 552 74 45 2
0 649 615 0 552 74 45 2
0 649 616 0 552 74 45 2
0 649 617 0 552 74 45 2
0 649 618 0 552 74 45 2
0 649 619 0 552 74 45 2
0 649 620 0 552 74 45 2
0 649 621 0 552 74 45 2
0 649 622 0 552 74 45 2
0 649 623 0 552 74 45 2
0 649 624 0 552 74 48 2
0 649 625 0 552 74 48 2
0 649 626 0 552 74 48 2
0 649 627 0 552 74 48 2
0 649 628 0 552 74 48 2
0 649 629 0 552 74 48 2
0 649 630 0 552 74 48 2
0 649 631 0 552 74 48 2
0 649 632 0 552 74 48 2
0 649 633 0 552 74 48 2
0 649 634 0 552 74 48 2
0 649 635 0 552 74 48 2
0 649 636 0 552 74 48 2
0 649 637 0 552 74 48 2
0 649 638 0 552 74 48 2
0 649 639 0 552 74 48 2
0 649 640 0 552 74 48 2
0 649 641 0 552 74 48 2
0 649 642 0 552 74 48 2
0 649 643 0 552 74 48 2
0 649 644 0 552 74 48 2
0 649 645 0 552 74 48 2
0 649 646 0 552 74 48 2
0 649 647 0 552 74 48 2
0 649 648 2 552 72 50 2
1 649 0 2 474 40 56 2
1 649 1 2 474 40 56 2
1 649 2 2 474 40 56 2
1 649 3 2 474 40 56 2
1 649 4 2 474 40 56 2
1 649 5 2 474 40 56 2
1 649 6 2 474 40 56 2
1 649 7 2 474 40 56 2
1 649 8 2 474 40 56 2
1 649 9 2 474 40 56 2
1 649 10 2 474 40 56 2
1 649 11 2 474 40 56 2
1 649 12 2 474 40 56 2
1 649 13 2 474 40 56 2
1 649 14 2 474 40 56 2
1 649 15 2 474 40 56 2
1 649 16 2 474 40 56 2
1 649 17 2 474 40 56 2
1 649 18 2 474 40 56 2
1 649 19 2 474 40 56 2
1 649 20 2 474 40 56 2
1 649 21 2 474 40 56 2
1 649 22 2 474 40 56 2
1 649 23 2 474 40 56 2
1 649 24 2 474 40 56 2
1 649 25 2 474 40 56 2
1 649 26 2 474 40 56 2
1 649 27 2 474 40 56 2
1 649 28 2 474 40 56 2
1 649 29 2 474 40 56 2
1 649 30 2 474 40 56 2
1 649 31 2 474 40 56 2
1 649 32 2 474 40 56 2
1 649 33 2 474 40 56 2
1 649 34 2 474 40 56 2
1 649 35 2 474 40 56 2
1 649 36 2 474 40 56 2
1 649 37 2 474 40 56 2
1 649 38 2 474 40 56 2
1 649 39 2 474 40 56 2
1 649 40 2 474 40 56 2
1 649 41 2 474 40 56 2
1 649 42 2 474 40 56 2
1 649 43 2 474 40 56 2
1 649 44 2 474 40 56 2
1 649 45 2 474 40 56 2
1 649 46 2 474 40 56 2
1 649 47 2 474 40 56 2
1 649 48 2 474 40 56 2
1 649 49 2 474 40 56 2
1 649 50 2 474 40 56 2
1 649 51 2 474 40 56 2
1 649 52 2 474 40 56 2
1 649 53 2 474 40 56 2
1 649 54 2 474 40 56 2
1 649 55 2 474 40 56 2
1 649 56 2 474 40 56 2
1 649 57 2 474 40 56 2
1 649 58 2 474 40 56 2
1 649 59 2 474 40 56 2
1 649 60 2 474 40 56 2
1 649 61 2 474 40 56 2
1 649 62 2 474 40 56 2
1 649 63 2 474 40 56 2
1 649 64 2 474 40 56 2
1 649 65 2 474 40 56 2
1 649 66 2 474 40 56 2
1 649 67 2 474 40 56 2
1 649 68 2 474 40 56 2
1 649 69 2 474 40 56 2
1 649 70 2 474 40 56 2
1 649 71 2 474 40 56 2
1 649 72 2 474 40 56 2
1 649 73 2 474 40 56 2
1 649 74 2 474 40 56 2
1 649 75 2 474 40 56 2
1 649 76 2 474 40 56 2
1 649 77 2 474 40 56 2
1 649 78 2 474 40 56 2
1 649 79 2 474 40 56 2
1 649 80 2 474 40 56 2
1 649 81 2 474 40 56 2
1 649 82 2 474 40 56 2
1 649 83 2 474 40 56 2
1 649 84 2 474 40 56 2
1 649 85 2 474 40 56 2
1 649 86 2 474 40 56 2
1 649 87 2 474 40 56 2
1 649 88 2 474 40 56 2
1 649 89 2 474 40 56 2
1 649 90 2 474 40 56 2
1 649 91 2 474 40 56 2
1 649 92 2 474 40 56 2
1 649 93 2 474 40 56 2
1 649 94 2 474 40 56 2
1 649 95 2 474 40 56 2
1 649 96 2 474 40 56 2
1 649 97 2 474 40 56 2
1 649 98 2 474 40 56 2
1 649 99 2 474 40 56 2
1 649 100 2 474 40 56 2
1 649 101 2 474 40 56 2
1 649 102 2 474 40 56 2
1 649 103 2 474 40 56 2
1 649 104 2 474 40 56 2
1 649 105 2 474 40 56 2
1 649 106 2 474 40 56 2
1 649 107 2 474 40 56 2
1 649 108 2 474 40 56 2
1 649 109 2 474 40 56 2
1 649 110 2 474 40 56 2
1 649 111 2 474 40 56 2
1 649 112 2 474 40 56 2
1 649 113 2 474 40 56 2
1 649 114 2 474 40 56 2
1 649 115 2 474 40 56 2
1 649 116 2 474 40 56 2
1 649 117 2 474 40 56 2
1 649 118 2 474 40 56 2
1 649 119 2 474 40 56 2
1 649 120 2 474 40 56 2
1 649 121 2 474 40 56 2
1 649 122 2 474 40 56 2
1 649 123 2 474 40 56 2
1 649 124 2 474 40 56 2
1 649 125 2 474 40 56 2
1 649 126 2 474 40 56 2
1 649 127 2 474 40 56 2
1 649 128 2 474 40 56 2
1 649 129 2 474 40 56 2
1 649 130 2 474 40 56 2
1 649 131 2 474 40 56 2
1 649 132 2 474 40 56 2
1 649 133 2 474 40 56 2
1 649 134 2 474 40 56 2
1 649 135 2 474 40 56 2
1 649 136 2 474 40 56 2
1 649 137 2 474 40 56 2
1 649 138 2 474 40 56 2
1 649 139 2 474 40 56 2
1 649 140 2 474 40 56 2
1 649 141 2 474 40 56 2
1 649 142 2 474 40 56 2
1 649 143 2 474 40 56 2
1 649 144 2 474 40 56 2
1 649 145 2 474 40 56 2
1 649 146 2 474 40 56 2
1 649 147 2 474 40 56 2
1 649 148 2 474 40 56 2
1 649 149 2 474 40 56 2
1 649 150 2 474 40 56 2
1 649 151 2 474 40 56 2
1 649 152 2 474 40 56 2
1 649 153 2 474 40 56 2
1 649 154 2 474 40 56 2
1 649 155 2 474 40 56 2
1 649 156 2 474 40 56 2
1 649 157 2 474 40 56 2
1 649 158 2 474 40 56 2
1 649 159 2 474 40 56 2
1 649 160 2 474 40 56 2
1 649 161 2 474 40 56 2
1 649 162 2 474 40 56 2
1 649 163 2 474 40 56 2
1 649 164 2 474 40 56 2
1 649 165 2 474 40 56 2
1 649 166 2 474 40 56 2
1 649 167 2 474 40 56 2
1 649 168 2 474 40 56 2
1 649 169 2 474 40 56 2
1 649 170 2 474 40 56 2
1 649 171 2 474 40 56 2
1 649 172 2 474 40 56 2
1 649 173 2 474 40 56 2
1 649 174 2 474 40 56 2
1 649 175 2 474 40 56 2
1 649 176 2 474 40 56 2
1 649 177 2 474 40 56 2
1 649 178 2 474 40 56 2
1 649 179 2 474 40 56 2
1 649 180 2 474 40 56 2
1 649 181 2 474 40 56 2
1 649 182 2 474 40 56 2
1 649 183 2 474 40 56 2
1 649 184 2 474 40 56 2
1 649 185 2 474 40 56 2
1 649 186 2 474 40 56 2
1 649 187 2 474 40 56 2
1 649 188 2 474 40 56 2
1 649 189 2 474 40 56 2
1 649 190 2 474 40 56 2
1 649 191 2 474 40 56 2
1 649 192 2 474 40 56 2
1 649 193 2 474 40 56 2
1 649 194 2 474 40 56 2
1 649 195 2 474 40 56 2
1 649 196 2 474 40 56 2
1 649 197 2 474 40 56 2
1 649 198 2 474 40 56 2
1 649 199 2 474 40 56 2
1 649 200 2 474 40 56 2
1 649 201 2 474 40 56 2
1 649 202 2 474 40 56 2
1 649 203 2 474 40 56 2
1 649 204 2 474 40 56 2
1 649 205 2 474 40 56 2
1 649 206 2 474 40 56 2
1 649 207 2 474 40 56 2
1 649 208 2 474 40 56 2
1 649 209 2 474 40 56 2
1 649 210 2 474 40 56 2
1 649 211 2 474 40 56 2
1 649 212 2 474 40 56 2
1 649 213 2 474 40 56 2
1 649 214 2 474 40 56 2
1 649 215 2 474 40 56 2
1 649 216 2 474 40 56 2
1 649 217 2 474 40 56 2
1 649 218 2 474 40 56 2
1 649 219 2 474 40 56 2
1 649 220 2 474 40 56 2
1 649 221 2 474 40 56 2
1 649 222 2 474 40 56 2
1 649 223 2 474 40 56 2
1 649 224 2 474 40 56 2
1 649 225 2 474 40 56 2
1 649 226 2 474 40 56 2
1 649 227 2 474 40 56 2
1 649 228 2 474 40 56 2
1 649 229 2 474 40 56 2
1 649 230 2 474 40 56 2
1 649 231 2 474 40 56 2
1 649 232 2 474 40 56 2
1 649 233 2 474 40 56 2
1 649 234 2 474 40 56 2
1 649 235 2 474 40 56 2
1 649 236 2 474 40 56 2
1 649 237 2 474 40 56 2
1 649 238 2 474 40 56 2
1 649 239 2 474 40 56 2
1 649 240 2 474 40 56 2
1 649 241 2 474 40 56 2
1 649 242 2 474 40 56 2
1 649 243 2 474 40 56 2
1 649 244 2 474 40 56 2
1 649 245 2 474 40 56 2
1 649 246 2 474 40 56 2
1 649 247 2 474 40 56 2
1 649 248 2 474 40 56 2
1 649 249 2 474 40 56 2
1 649 250 2 474 40 56 2
1 649 251 2 474 40 56 2
1 649 252 2 474 40 56 2
1 649 253 2 474 40 56 2
1 649 254 2 474 40 56 2
1 649 255 2 474 40 56 2
1 649 256 2 474 40 56 2
1 649 257 2 474 40 56 2
1 649 258 2 474 40 56 2
1 649 259 2 474 40 56 2
1 649 260 2 474 40 56 2
1 649 261 2 474 40 56 2
1 649 262 2 474 40 56 2
1 649 263 2 474 40 56 2
1 649 264 2 474 40 56 2
1 649 265 2 474 40 56 2
1 649 266 2 474 40 56 2
1 649 267 2 474 40 56 2
1 649 268 2 474 40 56 2
1 649 269 2 474 40 56 2
1 649 270 2 474 40 56 2
1 649 271 2 474 40 56 2
1 649 272 2 474 40 56 2
1 649 273 2 474 40 56 2
1 649 274 2 474 40 56 2
1 649 275 2 474 40 56 2
1 649 276 2 474 40 56 2
1 649 277 2 474 40 56 2
1 649 278 2 474 40 56 2
1 649 279 2 474 40 56 2
1 649 280 2 474 40 56 2
1 649 281 2 474 40 56 2
1 649 282 2 474 40 56 2
1 649 283 2 474 40 56 2
1 649 284 2 474 40 56 2
1 649 285 2 474 40 56 2
1 649 286 2 474 40 56 2
1 649 287 2 474 40 56 2
1 649 288 2 474 40 56 2
1 649 289 2 474 40 56 2
1 649 290 2 474 40 56 2
1 649 291 2 474 40 56 2
1 649 292 2 474 40 56 2
1 649 293 2 474 40 56 2
1 649 294 2 474 40 56 2
1 649 295 2 474 40 56 2
1 649 296 2 474 40 56 2
1 649 297 2 474 40 56 2
1 649 298 2 474 40 56 2
1 649 299 2 474 40 56 2
1 649 300 2 474 40 56 2
1 649 301 0 472 42 58 2
1 649 302 0 472 42 58 2
1 649 303 0 472 42 58 2
1 649 304 0 472 42 58 2
1 649 305 0 472 42 58 2
1 649 306 0 472 42 58 2
1 649 307 0 472 42 58 2
1 649 308 0 472 42 58 2
1 649 309 0 472 42 58 2
1 649 310 0 472 42 58 2
1 649 311 0 472 42 58 2
1 649 312 0 472 42 58 2
1 649 313 0 472 42 58 2
1 649 314 0 472 42 58 2
1 649 315 0 472 42 58 2
1 649 316 0 472 42 58 2
1 649 317 0 472 42 58 2
1 649 318 0 472 42 58 2
1 649 319 0 472 42 58 2
1 649 320 0 472 42 58 2
1 649 321 0 472 42 58 2
1 649 322 0 472 42 58 2
1 649 323 0 472 42 58 2
1 649 324 0 472 42 58 2
1 649 325 0 472 42 58 2
1 649 326 0 472 42 58 2
1 649 327 0 472 42 58 2
1 649 328 0 472 42 58 2
1 649 329 0 472 42 58 2
1 649 330 0 472 42 58 2
1 649 331 0 472 42 58 2
1 649 332 0 472 42 58 2
1 649 333 0 472 42 58 2
1 649 334 0 472 42 58 2
1 649 335 0 472 42 58 2
1 649 336 0 472 42 58 2
1 649 337 0 472 42 58 2
1 649 338 0 472 42 58 2
1 649 339 0 472 42 58 2
1 649 340 0 472 42 58 2
1 649 341 0 472 42 58 2
1 649 342 0 472 42 58 2
1 649 343 0 472 42 58 2
1 649 344 0 472 42 58 2
1 649 345 0 472 42 58 2
1 649 346 0 472 42 58 2
1 649 347 0 472 42 58 2
1 649 348 0 472 42 58 2
1 649 349 0 472 42 58 2
1 649 350 0 472 42 58 2
1 649 351 0 472 42 58 2
1 649 352 0 472 42 58 2
1 649 353 0 472 42 58 2
1 649 354 0 472 42 58 2
1 649 355 0 472 42 58 2
1 649 356 0 472 42 58 2
1 649 357 0 472 42 58 2
1 649 358 0 472 42 58 2
1 649 359 0 472 42 58 2
1 649 360 0 472 42 58 2
1 649 361 0 472 42 58 2
1 649 362 0 472 42 58 2
1 649 363 0 472 42 58 2
1 649 364 0 472 42 58 2
1 649 365 0 472 42 58 2
1 649 366 0 472 42 58 2
1 649 367 0 472 42 58 2
1 649 368 0 472 42 58 2
1 649 369 0 472 42 58 2
1 649 370 0 472 42 58 2
1 649 371 0 472 42 58 2
1 649 372 0 472 42 58 2
1 649 373 0 472 42 58 2
1 649 374 0 472 42 58 2
1 649 375 0 472 42 58 2
1 649 376 0 472 42 58 2
1 649 377 0 472 42 58 2
1 649 378 0 472 42 58 2
1 649 379 0 472 42 58 2
1 649 380 0 472 42 58 2
1 649 381 0 472 42 58 2
1 649 382 0 472 42 58 2
1 649 383 0 472 42 58 2
1 649 384 0 472 42 58 2
1 649 385 0 472 42 58 2
1 649 386 0 472 42 58 2
1 649 387 0 472 42 58 2
1 649 388 0 472 42 58 2
1 649 389 0 472 42 58 2
1 649 390 0 472 42 58 2
1 649 391 0 472 42 58 2
1 649 392 0 472 42 58 2
1 649 393 0 472 42 58 2
1 649 394 0 472 42 58 2
1 649 395 0 472 42 58 2
1 649 396 0 472 42 58 2
1 649 397 0 472 42 58 2
1 649 398 0 472 42 58 2
1 649 399 0 472 42 58 2
1 649 400 0 472 42 58 2
1 649 401 0 469 42 61 2
1 649 402 0 469 42 61 2
1 649 403 0 469 42 61 2
1 649 404 0 469 42 61 2
1 649 405 0 469 42 61 2
1 649 406 0 469 42 61 2
1 649 407 0 469 42 61 2
1 649 408 0 469 42 61 2
1 649 409 0 469 42 61 2
1 649 410 0 469 42 61 2
1 649 411 0 469 42 61 2
1 649 412 0 469 42 61 2
1 649 413 0 469 42 61 2
1 649 414 0 469 42 61 2
1 649 415 0 469 42 61 2
1 649 416 0 469 42 61 2
1 649 417 0 469 42 61 2
1 649 418 0 469 42 61 2
1 649 419 0 469 42 61 2
1 649 420 0 469 42 61 2
1 649 421 0 469 42 61 2
1 649 422 0 469 42 61 2
1 649 423 0 469 42 61 2
1 649 424 0 469 42 61 2
1 649 425 0 469 42 61 2
1 649 426 0 469 42 61 2
1 649 427 0 469 42 61 2
1 649 428 0 469 42 61 2
1 649 429 0 469 42 61 2
1 649 430 0 469 42 61 2
1 649 431 0 469 42 61 2
1 649 432 0 469 42 61 2
1 649 433 0 469 42 61 2
1 649 434 0 469 42 61 2
1 649 435 0 469 42 61 2
1 649 436 0 469 42 61 2
1 649 437 0 469 42 61 2
1 649 438 0 469 42 61 2
1 649 439 0 469 42 61 2
1 649 440 0 469 42 61 2
1 649 441 0 469 42 61 2
1 649 442 0 469 42 61 2
1 649 443 0 469 42 61 2
1 649 444 0 469 42 61 2
1 649 445 0 469 42 61 2
1 649 446 0 469 42 61 2
1 649 447 0 469 42 61 2
1 649 448 0 469 42 61 2
1 649 449 0 469 42 61 2
1 649 450 0 469 42 61 2
1 649 451 0 469 42 61 2
1 649 452 0 469 42 61 2
1 649 453 0 469 42 61 2
1 649 454 0 469 42 61 2
1 649 455 0 469 42 61 2
1 649 456 0 469 42 61 2
1 649 457 0 469 42 61 2
1 649 458 0 469 42 61 2
1 649 459 0 469 42 61 2
1 649 460 0 469 42 61 2
1 649 461 0 469 42 61 2
1 649 462 0 469 42 61 2
1 649 463 0 469 42 61 2
1 649 464 0 469 42 61 2
1 649 465 0 469 42 61 2
1 649 466 0 469 42 61 2
1 649 467 0 469 42 61 2
1 649 468 0 469 42 61 2
1 649 469 0 469 42 61 2
1 649 470 0 469 42 61 2
1 649 471 0 469 42 61 2
1 649 472 0 469 42 61 2
1 649 473 0 469 42 61 2
1 649 474 0 469 42 61 2
1 649 475 0 469 42 61 2
1 649 476 0 469 42 61 2
1 649 477 0 469 42 61 2
1 649 478 0 469 42 61 2
1 649 479 0 469 42 61 2
1 649 480 0 469 42 61 2
1 649 481 0 469 42 61 2
1 649 482 0 469 42 61 2
1 649 483 0 469 42 61 2
1 649 484 0 469 42 61 2
1 649 485 0 469 42 61 2
1 649 486 0 469 42 61 2
1 649 487 0 469 42 61 2
1 649 488 0 469 42 61 2
1 649 489 0 469 42 61 2
1 649 490 0 469 42 61 2
1 649 491 0 469 42 61 2
1 649 492 0 469 42 61 2
1 649 493 0 469 42 61 2
1 649 494 0 469 42 61 2
1 649 495 0 469 42 61 2
1 649 496 0 469 42 61 2
1 649 497 0 469 42 61 2
1 649 498 0 469 42 61 2
1 649 499 0 469 42 61 2
1 649 500 0 469 42 61 2
1 649 501 0 466 42 64 2
1 649 502 0 466 42 64 2
1 649 503 0 466 42 64 2
1 649 504 0 466 42 64 2
1 649 505 0 466 42 64 2
1 649 506 0 466 42 64 2
1 649 507 0 466 42 64 2
1 649 508 0 466 42 64 2
1 649 509 0 466 42 64 2
1 649 510 0 466 42 64 2
1 649 511 0 466 42 64 2
1 649 512 0 466 42 64 2
1 649 513 0 466 42 64 2
1 649 514 0 466 42 64 2
1 649 515 0 466 42 64 2
1 649 516 0 466 42 64 2
1 649 517 0 466 42 64 2
1 649 518 0 466 42 64 2
1 649 519 0 466 42 64 2
1 649 520 0 466 42 64 2
1 649 521 0 466 42 64 2
1 649 522 0 466 42 64 2
1 649 523 0 466 42 64 2
1 649 524 0 466 42 64 2
1 649 525 0 466 42 64 2
1 649 526 0 466 42 64 2
1 649 527 0 466 42 64 2
1 649 528 0 466 42 64 2
1 649 529 0 466 42 64 2
1 649 530 0 466 42 64 2
1 649 531 0 466 42 64 2
1 649 532 0 466 42 64 2
1 649 533 0 466 42 64 2
1 649 534 0 466 42 64 2
1 649 535 0 466 42 64 2
1 649 536 0 466 42 64 2
1 649 537 0 466 42 64 2
1 649 538 0 466 42 64 2
1 649 539 0 466 42 64 2
1 649 540 0 466 42 64 2
1 649 541 0 466 42 64 2
1 649 542 0 466 42 64 2
1 649 543 0 466 42 64 2
1 649 544 0 466 42 64 2
1 649 545 0 466 42 64 2
1 649 546 0 466 42 64 2
1 649 547 0 466 42 64 2
1 649 548 0 466 42 64 2
1 649 549 0 466 42 64 2
1 649 550 0 466 42 64 2
1 649 551 0 466 42 64 2
1 649 552 0 466 42 64 2
1 649 553 0 466 42 64 2
1 649 554 0 466 42 64 2
1 649 555 0 466 42 64 2
1 649 556 0 466 42 64 2
1 649 557 0 466 42 64 2
1 649 558 0 466 42 64 2
1 649 559 0 466 42 64 2
1 649 560 0 466 42 64 2
1 649 561 0 466 42 64 2
1 649 562 0 466 42 64 2
1 649 563 0 466 42 64 2
1 649 564 0 466 42 64 2
1 649 565 0 466 42 64 2
1 649 566 0 466 42 64 2
1 649 567 0 466 42 64 2
1 649 568 0 466 42 64 2
1 649 569 0 466 42 64 2
1 649 570 0 466 42 64 2
1 649 571 0 466 42 64 2
1 649 572 0 466 42 64 2
1 649 573 0 466 42 64 2
1 649 574 0 466 42 64 2
1 649 575 0 466 42 64 2
1 649 576 0 466 42 64 2
1 649 577 0 466 42 64 2
1 649 578 0 466 42 64 2
1 649 579 0 466 42 64 2
1 649 580 0 466 42 64 2
1 649 581 0 466 42 64 2
1 649 582 0 466 42 64 2
1 649 583 0 466 42 64 2
1 649 584 0 466 42 64 2
1 649 585 0 466 42 64 2
1 649 586 0 466 42 64 2
1 649 587 0 466 42 64 2
1 649 588 0 466 42 64 2
1 649 589 0 466 42 64 2
1 649 590 0 466 42 64 2
1 649 591 0 466 42 64 2
1 649 592 0 466 42 64 2
1 649 593 0 466 42 64 2
1 649 594 0 466 42 64 2
1 649 595 0 466 42 64 2
1 649 596 0 466 42 64 2
1 649 597 0 466 42 64 2
1 649 598 0 466 42 64 2
1 649 599 0 466 42 64 2
1 649 600 0 466 42 64 2
1 649 601 0 466 42 62 2
1 649 602 0 466 42 62 2
1 649 603 0 466 42 62 2
1 649 604 0 466 42 62 2
1 649 605 0 466 42 62 2
1 649 606 0 466 42 62 2
1 649 607 0 466 42 62 2
1 649 608 0 469 42 59 2
1 649 609 0 469 42 59 2
1 649 610 0 469 42 59 2
1 649 611 0 469 42 59 2
1 649 612 0 469 42 59 2
1 649 613 0 469 42 59 2
1 649 614 0 469 42 59 2
1 649 615 0 469 42 59 2
1 649 616 0 472 42 56 2
1 649 617 0 472 42 53 2
1 649 618 0 472 42 53 2
1 649 619 0 472 42 53 2
1 649 620 0 472 42 53 2
1 649 621 0 472 42 53 2
1 649 622 0 472 42 53 2
1 649 623 0 472 42 53 2
1 649 624 2 474 40 51 2
1 649 625 2 474 40 51 2
1 649 626 2 474 40 51 2
1 649 627 2 474 40 51 2
1 649 628 2 474 40 51 2
1 649 629 2 474 40 51 2
1 649 630 2 474 40 51 2
1 649 631 2 474 40 51 2
1 649 632 2 477 40 48 2
1 649 633 2 477 40 45 2
1 649 634 2 477 40 45 2
1 649 635 2 477 40 45 2
1 649 636 2 477 40 45 2
1 649 637 2 477 40 45 2
1 649 638 2 477 40 45 2
1 649 639 2 477 40 45 2
1 649 640 2 480 40 42 2
1 649 641 2 480 40 42 2
1 649 642 2 480 40 42 2
1 649 643 2 480 40 42 2
1 649 644 2 480 40 42 2
1 649 645 2 480 40 42 2
1 649 646 2 480 40 42 2
1 649 647 2 480 40 42 2
1 649 648 5 482 37 40 2
2 349 300 184 472 128 58 2
2 349 301 184 472 128 58 2
2 349 302 184 472 128 58 2
2 349 303 184 472 128 58 2
2 349 304 184 472 128 58 2
2 349 305 184 472 128 58 2
2 349 306 184 472 128 58 2
2 349 307 184 472 128 58 2
2 349 308 184 472 128 58 2
2 349 309 184 472 128 58 2
2 349 310 184 472 130 58 2
2 349 311 181 472 131 58 2
2 349 312 181 472 131 58 2
2 349 313 181 472 131 58 2
2 349 314 181 472 131 58 2
2 349 315 181 472 131 58 2
2 349 316 181 472 131 58 2
2 349 317 181 472 131 58 2
2 349 318 181 472 131 58 2
2 349 319 181 472 131 58 2
2 349 320 181 472 131 58 2
2 349 321 181 472 131 58 2
2 349 322 181 472 131 58 2
2 349 323 181 472 131 58 2
2 349 324 181 472 131 58 2
2 349 325 181 472 131 58 2
2 349 326 181 472 131 58 2
2 349 327 181 472 131 58 2
2 349 328 181 472 131 58 2
2 349 329 181 472 131 58 2
2 349 330 181 472 131 58 2
2 349 331 181 472 131 58 2
2 349 332 181 472 131 58 2
2 349 333 181 472 131 58 2
2 349 334 181 472 131 58 2
2 349 335 181 472 131 58 2
2 349 336 181 472 131 58 2
2 349 337 181 472 131 58 2
2 349 338 181 472 131 58 2
2 349 339 181 472 131 58 2
2 349 340 181 472 131 58 2
2 349 341 181 472 131 58 2
2 349 342 181 472 131 58 2
2 349 343 181 472 131 58 2
2 349 344 181 472 131 58 2
2 349 345 181 472 131 58 2
2 349 346 178 472 131 58 2
2 349 347 178 472 131 58 2
2 349 348 178 472 131 58 2
2 349 349 178 472 131 58 2
2 349 350 178 472 131 58 2
2 349 351 178 472 131 58 2
2 349 352 178 472 131 58 2
2 349 353 178 472 131 58 2
2 349 354 178 472 131 58 2
2 349 355 178 472 131 58 2
2 349 356 178 472 131 58 2
2 349 357 178 472 131 58 2
2 349 358 178 472 131 58 2
2 349 359 178 472 131 58 2
2 349 360 178 472 131 58 2
2 349 361 178 472 131 58 2
2 349 362 178 472 131 58 2
2 349 363 178 472 131 58 2
2 349 364 178 472 131 58 2
2 349 365 178 472 131 58 2
2 349 366 178 472 131 58 2
2 349 367 178 472 131 58 2
2 349 368 178 472 131 58 2
2 349 369 178 472 131 58 2
2 349 370 178 472 131 58 2
2 349 371 178 472 131 58 2
2 349 372 178 472 131 58 2
2 349 373 178 472 131 58 2
2 349 374 178 472 131 58 2
2 349 375 178 472 131 58 2
2 349 376 178 472 131 58 2
2 349 377 178 472 131 58 2
2 349 378 178 472 131 58 2
2 349 379 178 472 131 58 2
2 349 380 178 472 131 58 2
2 349 381 176 472 130 58 2
2 349 382 176 472 130 58 2
2 349 383 176 472 130 58 2
2 349 384 176 472 130 58 2
2 349 385 176 472 130 58 2
2 349 386 173 472 131 58 2
2 349 387 173 472 131 58 2
2 349 388 173 472 131 58 2
2 349 389 173 472 131 58 2
2 349 390 173 472 131 58 2
2 349 391 170 472 131 58 2
2 349 392 170 472 131 58 2
2 349 393 170 472 131 58 2
2 349 394 170 472 131 58 2
2 349 395 170 472 131 58 2
2 349 396 170 472 131 58 2
2 349 397 170 472 131 58 2
2 349 398 170 472 131 58 2
2 349 399 170 472 131 58 2
2 349 400 170 472 131 58 2
2 349 401 168 472 130 58 2
2 349 402 168 472 130 58 2
2 349 403 168 472 130 58 2
2 349 404 165 472 131 58 2
2 349 405 165 472 131 58 2
2 349 406 165 472 131 58 2
2 349 407 162 472 131 58 2
2 349 408 162 472 131 58 2
2 349 409 162 472 131 58 2
2 349 410 162 472 131 58 2
2 349 411 160 472 130 58 2
2 349 412 160 472 130 58 2
2 349 413 160 472 130 58 2
2 349 414 160 472 130 58 2
2 349 415 160 472 130 58 2
2 349 416 157 472 131 58 2
2 349 417 157 472 131 58 2
2 349 418 157 472 131 58 2
2 349 419 157 472 131 58 2
2 349 420 157 472 131 58 2
2 349 421 154 472 131 58 2
2 349 422 154 472 131 58 2
2 349 423 154 472 131 58 2
2 349 424 154 472 131 58 2
2 349 425 154 472 131 58 2
2 349 426 152 472 130 58 2
2 349 427 152 472 130 58 2
2 349 428 152 472 130 58 2
2 349 429 152 472 130 58 2
2 349 430 152 472 130 58 2
2 349 431 149 472 131 58 2
2 349 432 149 472 131 58 2
2 349 433 149 472 131 58 2
2 349 434 149 472 131 58 2
2 349 435 149 472 131 58 2
2 349 436 146 472 131 58 2
2 349 437 146 472 131 58 2
2 349 438 146 472 131 58 2
2 349 439 146 472 131 58 2
2 349 440 146 472 131 58 2
2 349 441 144 472 130 58 2
2 349 442 144 472 130 58 2
2 349 443 144 472 130 58 2
2 349 444 144 472 130 58 2
2 349 445 144 472 130 58 2
2 349 446 144 472 130 58 2
2 349 447 144 472 130 58 2
2 349 448 144 472 130 58 2
2 349 449 144 472 130 58 2
2 349 450 144 472 130 58 2
2 349 451 141 472 131 58 2
2 349 452 141 472 131 58 2
2 349 453 141 472 131 58 2
2 349 454 141 472 131 58 2
2 349 455 141 472 131 58 2
2 349 456 141 472 131 58 2
2 349 457 141 472 131 58 2
2 349 458 141 472 131 58 2
2 349 459 141 472 131 58 2
2 349 460 141 474 131 59 2
2 349 461 138 474 131 59 2
2 349 462 138 474 131 59 2
2 349 463 138 474 131 59 2
2 349 464 138 474 131 59 2
2 349 465 138 474 131 59 2
2 349 466 136 474 130 59 2
2 349 467 136 474 130 59 2
2 349 468 136 474 130 59 2
2 349 469 136 474 130 59 2
2 349 470 136 474 130 59 2
2 349 471 133 474 131 59 2
2 349 472 133 474 131 59 2
2 349 473 133 474 131 59 2
2 349 474 133 474 131 59 2
2 349 475 133 474 131 59 2
2 349 476 130 474 131 59 2
2 349 477 130 474 131 59 2
2 349 478 130 474 131 59 2
2 349 479 130 474 131 59 2
2 349 480 130 474 131 59 2
2 349 481 128 474 130 59 2
2 349 482 128 474 130 59 2
2 349 483 128 474 130 59 2
2 349 484 125 474 131 59 2
2 349 485 125 474 131 59 2
2 349 486 125 474 131 59 2
2 349 487 122 474 131 59 2
2 349 488 122 474 131 59 2
2 349 489 122 474 131 59 2
2 349 490 122 477 131 59 2
2 349 491 120 477 130 59 2
2 349 492 120 477 130 59 2
2 349 493 120 477 130 59 2
2 349 494 117 477 131 59 2
2 349 495 117 477 131 59 2
2 349 496 117 477 131 59 2
2 349 497 114 477 131 59 2
2 349 498 114 477 131 59 2
2 349 499 114 477 131 59 2
2 349 500 114 477 131 59 2
2 349 501 112 477 130 59 2
2 349 502 112 477 130 59 2
2 349 503 112 477 130 59 2
2 349 504 112 477 130 59 2
2 349 505 109 477 131 59 2
2 349 506 109 477 131 59 2
2 349 507 109 477 131 59 2
2 349 508 109 477 131 59 2
2 349 509 106 477 131 59 2
2 349 510 106 477 131 59 2
2 349 511 106 477 131 59 2
2 349 512 106 477 131 59 2
2 349 513 104 477 130 59 2
2 349 514 104 477 130 59 2
2 349 515 104 477 130 59 2
2 349 516 104 477 130 59 2
2 349 517 101 477 131 59 2
2 349 518 101 477 131 59 2
2 349 519 101 477 131 59 2
2 349 520 101 477 131 59 2
2 349 521 98 477 131 59 2
2 349 522 98 477 131 59 2
2 349 523 98 477 131 59 2
2 349 524 98 477 131 59 2
2 349 525 98 477 131 59 2
2 349 526 96 477 130 59 2
2 349 527 96 477 130 59 2
2 349 528 96 477 130 59 2
2 349 529 96 477 130 59 2
2 349 530 96 477 130 59 2
2 349 531 93 477 131 59 2
2 349 532 93 477 131 59 2
2 349 533 90 477 131 59 2
2 349 534 90 477 131 59 2
2 349 535 90 477 131 59 2
2 349 536 88 477 130 59 2
2 349 537 88 477 130 59 2
2 349 538 85 477 131 59 2
2 349 539 85 477 131 59 2
2 349 540 85 477 131 59 2
2 349 541 82 477 131 59 2
2 349 542 82 477 131 59 2
2 349 543 82 477 131 59 2
2 349 544 82 477 131 59 2
2 349 545 82 477 131 59 2
2 349 546 82 477 131 59 2
2 349 547 82 477 131 59 2
2 349 548 82 477 131 59 2
2 349 549 82 477 131 59 2
2 349 550 82 480 131 58 2
2 349 551 80 480 130 58 2
2 349 552 80 480 130 58 2
2 349 553 80 480 130 58 2
2 349 554 77 480 131 58 2
2 349 555 77 480 131 58 2
2 349 556 77 480 131 58 2
2 349 557 74 480 131 58 2
2 349 558 74 480 131 58 2
2 349 559 74 480 131 58 2
2 349 560 74 480 131 58 2
2 349 561 72 480 130 58 2
2 349 562 72 480 130 58 2
2 349 563 72 480 130 58 2
2 349 564 69 480 131 58 2
2 349 565 69 480 131 58 2
2 349 566 69 480 131 58 2
2 349 567 66 480 131 58 2
2 349 568 66 480 131 58 2
2 349 569 66 480 131 58 2
2 349 570 66 480 131 58 2
2 349 571 64 480 130 58 2
2 349 572 64 480 130 58 2
2 349 573 64 480 130 58 2
2 349 574 61 480 131 58 2
2 349 575 61 480 131 58 2
2 349 576 61 480 131 58 2
2 349 577 58 480 131 58 2
2 349 578 58 480 131 58 2
2 349 579 58 480 131 58 2
2 349 580 58 480 131 58 2
2 349 581 56 480 130 58 2
2 349 582 56 480 130 58 2
2 349 583 53 480 131 58 2
2 349 584 53 480 131 58 2
2 349 585 53 480 131 58 2
2 349 586 50 480 131 58 2
2 349 587 50 480 131 58 2
2 349 588 48 480 130 58 2
2 349 589 48 480 130 58 2
2 349 590 48 480 130 58 2
2 349 591 45 480 131 58 2
2 349 592 45 480 131 58 2
2 349 593 42 480 131 58 2
2 349 594 42 480 131 58 2
2 349 595 42 480 131 58 2
2 349 596 40 480 130 58 2
2 349 597 40 480 130 58 2
2 349 598 37 480 131 58 2
2 349 599 37 480 131 58 2
2 349 600 37 482 131 56 2
2 349 601 34 482 131 56 2
2 349 602 34 482 131 56 2
2 349 603 34 482 131 56 2
2 349 604 32 485 130 53 2
2 349 605 32 485 130 53 2
2 349 606 32 485 130 53 2
2 349 607 29 485 131 53 2
2 349 608 29 488 131 50 2
2 349 609 29 488 131 50 2
2 349 610 26 488 131 50 2
2 349 611 26 488 131 50 2
2 349 612 26 490 131 51 2
2 349 613 24 490 130 51 2
2 349 614 24 490 130 51 2
2 349 615 21 490 131 51 2
2 349 616 21 490 131 51 2
2 349 617 18 490 131 51 2
2 349 618 18 490 131 51 2
2 349 619 18 490 131 51 2
2 349 620 16 490 130 51 2
2 349 621 16 490 130 51 2
2 349 622 13 490 131 51 2
2 349 623 13 490 131 51 2
2 349 624 13 493 131 51 2
2 349 625 10 493 131 51 2
2 349 626 10 493 131 51 2
2 349 627 10 493 131 51 2
2 349 628 8 493 130 51 2
2 349 629 8 493 130 51 2
2 349 630 8 493 130 51 2
2 349 631 8 493 130 51 2
2 349 632 5 493 131 51 2
2 349 633 5 493 131 51 2
2 349 634 5 493 131 51 2
2 349 635 2 493 131 51 2
2 349 636 2 493 131 51 2
2 349 637 2 493 131 51 2
2 349 638 2 493 131 51 2
2 349 639 0 493 130 51 2
2 349 640 0 493 130 51 2
2 349 641 0 493 128 51 2
2 349 642 0 493 128 51 2
2 349 643 0 493 125 51 2
2 349 644 0 493 125 51 2
2 349 645 0 493 122 51 2
2 349 646 0 493 122 51 2
2 349 647 0 493 120 51 2
2 349 648 0 496 120 50 2
3 649 0 101 453 91 40 2
3 649 1 101 453 91 40 2
3 649 2 101 453 91 40 2
3 649 3 101 453 91 40 2
3 649 4 101 453 91 40 2
3 649 5 101 453 91 40 2
3 649 6 101 453 91 40 2
3 649 7 101 453 91 40 2
3 649 8 101 453 91 40 2
3 649 9 101 453 91 40 2
3 649 10 101 453 91 40 2
3 649 11 101 453 91 40 2
3 649 12 101 453 91 40 2
3 649 13 101 453 91 40 2
3 649 14 101 453 91 40 2
3 649 15 101 453 91 40 2
3 649 16 101 453 91 40 2
3 649 17 101 453 91 40 2
3 649 18 101 453 91 40 2
3 649 19 101 453 91 40 2
3 649 20 101 453 91 40 2
3 649 21 101 453 91 40 2
3 649 22 101 453 91 40 2
3 649 23 101 453 91 40 2
3 649 24 101 453 91 40 2
3 649 25 101 453 91 40 2
3 649 26 101 453 91 40 2
3 649 27 101 453 91 40 2
3 649 28 101 453 91 40 2
3 649 29 101 453 91 40 2
3 649 30 101 453 91 40 2
3 649 31 101 453 91 40 2
3 649 32 101 453 91 40 2
3 649 33 101 453 91 40 2
3 649 34 101 453 91 40 2
3 649 35 101 453 91 40 2
3 649 36 101 453 91 40 2
3 649 37 101 453 91 40 2
3 649 38 101 453 91 40 2
3 649 39 101 453 91 40 2
3 649 40 101 453 91 40 2
3 649 41 101 453 91 40 2
3 649 42 101 453 91 40 2
3 649 43 101 453 91 40 2
3 649 44 101 453 91 40 2
3 649 45 101 453 91 40 2
3 649 46 101 453 91 40 2
3 649 47 101 453 91 40 2
3 649 48 101 453 91 40 2
3 649 49 101 453 91 40 2
3 649 50 101 453 91 40 2
3 649 51 101 453 91 40 2
3 649 52 101 453 91 40 2
3 649 53 101 453 91 40 2
3 649 54 101 453 91 40 2
3 649 55 101 453 91 40 2
3 649 56 101 453 91 40 2
3 649 57 101 453 91 40 2
3 649 58 101 453 91 40 2
3 649 59 101 453 91 40 2
3 649 60 101 453 91 40 2
3 649 61 101 453 91 40 2
3 649 62 101 453 91 40 2
3 649 63 101 453 91 40 2
3 649 64 101 453 91 40 2
3 649 65 101 453 91 40 2
3 649 66 101 453 91 40 2
3 649 67 101 453 91 40 2
3 649 68 101 453 91 40 2
3 649 69 101 453 91 40 2
3 649 70 101 453 91 40 2
3 649 71 101 453 91 40 2
3 649 72 101 453 91 40 2
3 649 73 101 453 91 40 2
3 649 74 101 453 91 40 2
3 649 75 101 453 91 40 2
3 649 76 101 453 91 40 2
3 649 77 101 453 91 40 2
3 649 78 101 453 91 40 2
3 649 79 101 453 91 40 2
3 649 80 101 453 91 40 2
3 649 81 101 453 91 40 2
3 649 82 101 453 91 40 2
3 649 83 101 453 91 40 2
3 649 84 101 453 91 40 2
3 649 85 101 453 91 40 2
3 649 86 101 453 91 40 2
3 649 87 101 453 91 40 2
3 649 88 101 453 91 40 2
3 649 89 101 453 91 40 2
3 649 90 101 453 91 40 2
3 649 91 101 453 91 40 2
3 649 92 101 453 91 40 2
3 649 93 101 453 91 40 2
3 649 94 101 453 91 40 2
3 649 95 101 453 91 40 2
3 649 96 101 453 91 40 2
3 649 97 101 453 91 40 2
3 649 98 101 453 91 40 2
3 649 99 101 453 91 40 2
3 649 100 101 453 91 40 2
3 649 101 101 453 91 40 2
3 649 102 101 453 91 40 2
3 649 103 101 453 91 40 2
3 649 104 101 453 91 40 2
3 649 105 101 453 91 40 2
3 649 106 101 453 91 40 2
3 649 107 101 453 91 40 2
3 649 108 101 453 91 40 2
3 649 109 101 453 91 40 2
3 649 110 101 453 91 40 2
3 649 111 101 453 91 40 2
3 649 112 101 453 91 40 2
3 649 113 101 453 91 40 2
3 649 114 101 453 91 40 2
3 649 115 101 453 91 40 2
3 649 116 101 453 91 40 2
3 649 117 101 453 91 40 2
3 649 118 101 453 91 40 2
3 649 119 101 453 91 40 2
3 649 120 101 453 91 40 2
3 649 121 101 453 91 40 2
3 649 122 101 453 91 40 2
3 649 123 101 453 91 40 2
3 649 124 101 453 91 40 2
3 649 125 101 453 91 40 2
3 649 126 101 453 91 40 2
3 649 127 101 453 91 40 2
3 649 128 101 453 91 40 2
3 649 129 101 453 91 40 2
3 649 130 101 453 91 40 2
3 649 131 101 453 91 40 2
3 649 132 101 453 91 40 2
3 649 133 101 453 91 40 2
3 649 134 101 453 91 40 2
3 649 135 101 453 91 40 2
3 649 136 101 453 91 40 2
3 649 137 101 453 91 40 2
3 649 138 101 453 91 40 2
3 649 139 101 453 91 40 2
3 649 140 101 453 91 40 2
3 649 141 101 453 91 40 2
3 649 142 101 453 91 40 2
3 649 143 101 453 91 40 2
3 649 144 101 453 91 40 2
3 649 145 101 453 91 40 2
3 649 146 101 453 91 40 2
3 649 147 101 453 91 40 2
3 649 148 101 453 91 40 2
3 649 149 101 453 91 40 2
3 649 150 101 453 91 40 2
3 649 151 101 453 91 40 2
3 649 152 101 453 91 40 2
3 649 153 101 453 91 40 2
3 649 154 101 453 91 40 2
3 649 155 101 453 91 40 2
3 649 156 101 453 91 40 2
3 649 157 101 453 91 40 2
3 649 158 101 453 91 40 2
3 649 159 101 453 91 40 2
3 649 160 101 453 91 40 2
3 649 161 101 453 91 40 2
3 649 162 101 453 91 40 2
3 649 163 101 453 91 40 2
3 649 164 101 453 91 40 2
3 649 165 101 453 91 40 2
3 649 166 101 453 91 40 2
3 649 167 101 453 91 40 2
3 649 168 101 453 91 40 2
3 649 169 101 453 91 40 2
3 649 170 101 453 91 40 2
3 649 171 101 453 91 40 2
3 649 172 101 453 91 40 2
3 649 173 101 453 91 40 2
3 649 174 101 453 91 40 2
3 649 175 101 453 91 40 2
3 649 176 101 453 91 40 2
3 649 177 101 453 91 40 2
3 649 178 101 453 91 40 2
3 649 179 101 453 91 40 2
3 649 180 101 453 91 40 2
3 649 181 101 453 91 40 2
3 649 182 101 453 91 40 2
3 649 183 101 453 91 40 2
3 649 184 101 453 91 40 2
3 649 185 101 453 91 40 2
3 649 186 101 453 91 40 2
3 649 187 101 453 91 40 2
3 649 188 101 453 91 40 2
3 649 189 101 453 91 40 2
3 649 190 101 453 91 40 2
3 649 191 101 453 91 40 2
3 649 192 101 453 91 40 2
3 649 193 101 453 91 40 2
3 649 194 101 453 91 40 2
3 649 195 101 453 91 40 2
3 649 196 101 453 91 40 2
3 649 197 101 453 91 40 2
3 649 198 101 453 91 40 2
3 649 199 101 453 91 40 2
3 649 200 101 453 91 40 2
3 649 201 101 453 91 40 2
3 649 202 101 453 91 40 2
3 649 203 101 453 91 40 2
3 649 204 101 453 91 40 2
3 649 205 101 453 91 40 2
3 649 206 101 453 91 40 2
3 649 207 101 453 91 40 2
3 649 208 101 453 91 40 2
3 649 209 101 453 91 40 2
3 649 210 101 453 91 40 2
3 649 211 101 453 91 40 2
3 649 212 101 453 91 40 2
3 649 213 101 453 91 40 2
3 649 214 101 453 91 40 2
3 649 215 101 453 91 40 2
3 649 216 101 453 91 40 2
3 649 217 101 453 91 40 2
3 649 218 101 453 91 40 2
3 649 219 101 453 91 40 2
3 649 220 101 453 91 40 2
3 649 221 101 453 91 40 2
3 649 222 101 453 91 40 2
3 649 223 101 453 91 40 2
3 649 224 101 453 91 40 2
3 649 225 101 453 91 40 2
3 649 226 101 453 91 40 2
3 649 227 101 453 91 40 2
3 649 228 101 453 91 40 2
3 649 229 101 453 91 40 2
3 649 230 101 453 91 40 2
3 649 231 101 453 91 40 2
3 649 232 101 453 91 40 2
3 649 233 101 453 91 40 2
3 649 234 101 453 91 40 2
3 649 235 101 453 91 40 2
3 649 236 101 453 91 40 2
3 649 237 101 453 91 40 2
3 649 238 101 453 91 40 2
3 649 239 101 453 91 40 2
3 649 240 101 453 91 40 2
3 649 241 101 453 91 40 2
3 649 242 101 453 91 40 2
3 649 243 101 453 91 40 2
3 649 244 101 453 91 40 2
3 649 245 101 453 91 40 2
3 649 246 101 453 91 40 2
3 649 247 101 453 91 40 2
3 649 248 101 453 91 40 2
3 649 249 101 453 91 40 2
3 649 250 101 453 91 40 2
3 649 251 101 453 91 40 2
3 649 252 101 453 91 40 2
3 649 253 101 453 91 40 2
3 649 254 101 453 91 40 2
3 649 255 101 453 91 40 2
3 649 256 101 453 91 40 2
3 649 257 101 453 91 40 2
3 649 258 101 453 91 40 2
3 649 259 101 453 91 40 2
3 649 260 101 453 91 40 2
3 649 261 101 453 91 40 2
3 649 262 101 453 91 40 2
3 649 263 101 453 91 40 2
3 649 264 101 453 91 40 2
3 649 265 101 453 91 40 2
3 649 266 101 453 91 40 2
3 649 267 101 453 91 40 2
3 649 268 101 453 91 40 2
3 649 269 101 453 91 40 2
3 649 270 101 453 91 40 2
3 649 271 101 453 91 40 2
3 649 272 101 453 91 40 2
3 649 273 101 453 91 40 2
3 649 274 101 453 91 40 2
3 649 275 101 453 91 40 2
3 649 276 101 453 91 40 2
3 649 277 101 453 91 40 2
3 649 278 101 453 91 40 2
3 649 279 101 453 91 40 2
3 649 280 101 453 91 40 2
3 649 281 101 453 91 40 2
3 649 282 101 453 91 40 2
3 649 283 101 453 91 40 2
3 649 284 101 453 91 40 2
3 649 285 101 453 91 40 2
3 649 286 101 453 91 40 2
3 649 287 101 453 91 40 2
3 649 288 101 453 91 40 2
3 649 289 101 453 91 40 2
3 649 290 101 453 91 40 2
3 649 291 101 453 91 40 2
3 649 292 101 453 91 40 2
3 649 293 101 453 91 40 2
3 649 294 101 453 91 40 2
3 649 295 101 453 91 40 2
3 649 296 101 453 91 40 2
3 649 297 101 453 91 40 2
3 649 298 101 453 91 40 2
3 649 299 101 453 91 40 2
3 649 300 101 453 91 40 2
3 649 301 98 450 91 43 2
3 649 302 98 450 91 43 2
3 649 303 98 450 91 43 2
3 649 304 98 450 91 43 2
3 649 305 98 450 91 43 2
3 649 306 98 450 91 43 2
3 649 307 98 450 91 43 2
3 649 308 98 450 91 43 2
3 649 309 98 450 91 43 2
3 649 310 98 450 91 43 2
3 649 311 98 450 91 43 2
3 649 312 98 450 91 43 2
3 649 313 98 450 91 43 2
3 649 314 98 450 91 43 2
3 649 315 98 450 91 43 2
3 649 316 98 450 91 43 2
3 649 317 98 450 91 43 2
3 649 318 98 450 91 43 2
3 649 319 98 450 91 43 2
3 649 320 98 450 91 43 2
3 649 321 98 450 91 43 2
3 649 322 98 450 91 43 2
3 649 323 98 450 91 43 2
3 649 324 98 450 91 43 2
3 649 325 98 450 91 43 2
3 649 326 98 450 91 43 2
3 649 327 98 450 91 43 2
3 649 328 98 450 91 43 2
3 649 329 98 450 91 43 2
3 649 330 98 450 91 43 2
3 649 331 98 450 91 43 2
3 649 332 98 450 91 43 2
3 649 333 98 450 91 43 2
3 649 334 98 450 91 43 2
3 649 335 98 450 91 43 2
3 649 336 98 450 91 43 2
3 649 337 98 450 91 43 2
3 649 338 98 450 91 43 2
3 649 339 98 450 91 43 2
3 649 340 98 450 91 43 2
3 649 341 98 450 91 43 2
3 649 342 98 450 91 43 2
3 649 343 98 450 91 43 2
3 649 344 98 450 91 43 2
3 649 345 98 450 91 43 2
3 649 346 98 450 91 43 2
3 649 347 98 450 91 43 2
3 649 348 98 450 91 43 2
3 649 349 98 450 91 43 2
3 649 350 98 450 91 43 2
3 649 351 98 450 91 43 2
3 649 352 98 450 91 43 2
3 649 353 98 450 91 43 2
3 649 354 98 450 91 43 2
3 649 355 98 450 91 43 2
3 649 356 98 450 91 43 2
3 649 357 98 450 91 43 2
3 649 358 98 450 91 43 2
3 649 359 98 450 91 43 2
3 649 360 98 450 91 43 2
3 649 361 98 450 91 43 2
3 649 362 98 450 91 43 2
3 649 363 98 450 91 43 2
3 649 364 98 450 91 43 2
3 649 365 98 450 91 43 2
3 649 366 98 450 91 43 2
3 649 367 98 450 91 43 2
3 649 368 98 450 91 43 2
3 649 369 98 450 91 43 2
3 649 370 98 450 91 43 2
3 649 371 98 450 91 43 2
3 649 372 98 450 91 43 2
3 649 373 98 450 91 43 2
3 649 374 98 450 91 43 2
3 649 375 98 450 91 43 2
3 649 376 98 450 91 43 2
3 649 377 98 450 91 43 2
3 649 378 98 450 91 43 2
3 649 379 98 450 91 43 2
3 649 380 98 450 91 43 2
3 649 381 98 450 91 43 2
3 649 382 98 450 91 43 2
3 649 383 98 450 91 43 2
3 649 384 98 450 91 43 2
3 649 385 98 450 91 43 2
3 649 386 98 450 91 43 2
3 649 387 98 450 91 43 2
3 649 388 98 450 91 43 2
3 649 389 98 450 91 43 2
3 649 390 98 450 91 43 2
3 649 391 98 450 91 43 2
3 649 392 98 450 91 43 2
3 649 393 98 450 91 43 2
3 649 394 98 450 91 43 2
3 649 395 98 450 91 43 2
3 649 396 98 450 91 43 2
3 649 397 98 450 91 43 2
3 649 398 98 450 91 43 2
3 649 399 98 450 91 43 2
3 649 400 98 450 91 43 2
3 649 401 98 450 91 43 2
3 649 402 98 450 91 43 2
3 649 403 98 450 91 43 2
3 649 404 98 450 91 43 2
3 649 405 98 450 91 43 2
3 649 406 98 450 91 43 2
3 649 407 98 450 91 43 2
3 649 408 98 450 91 43 2
3 649 409 98 450 91 43 2
3 649 410 98 450 91 43 2
3 649 411 98 450 91 43 2
3 649 412 98 450 91 43 2
3 649 413 98 450 91 43 2
3 649 414 98 450 91 43 2
3 649 415 98 450 91 43 2
3 649 416 98 450 91 43 2
3 649 417 98 450 91 43 2
3 649 418 98 450 91 43 2
3 649 419 98 450 91 43 2
3 649 420 98 450 91 43 2
3 649 421 98 450 91 43 2
3 649 422 98 450 91 43 2
3 649 423 98 450 91 43 2
3 649 424 98 450 91 43 2
3 649 425 98 450 91 43 2
3 649 426 98 450 91 43 2
3 649 427 98 450 91 43 2
3 649 428 98 450 91 43 2
3 649 429 98 450 91 43 2
3 649 430 98 450 91 43 2
3 649 431 98 450 91 43 2
3 649 432 98 450 91 43 2
3 649 433 98 450 91 43 2
3 649 434 98 450 91 43 2
3 649 435 98 450 91 43 2
3 649 436 98 450 91 43 2
3 649 437 98 450 91 43 2
3 649 438 98 450 91 43 2
3 649 439 98 450 91 43 2
3 649 440 98 450 91 43 2
3 649 441 98 450 91 43 2
3 649 442 98 450 91 43 2
3 649 443 98 450 91 43 2
3 649 444 98 450 91 43 2
3 649 445 98 450 91 43 2
3 649 446 98 450 91 43 2
3 649 447 98 450 91 43 2
3 649 448 98 450 91 43 2
3 649 449 98 450 91 43 2
3 649 450 98 450 91 46 2
3 649 451 96 450 93 46 2
3 649 452 96 450 93 46 2
3 649 453 96 450 93 46 2
3 649 454 96 450 93 46 2
3 649 455 96 450 93 46 2
3 649 456 96 450 93 46 2
3 649 457 96 450 93 46 2
3 649 458 96 450 93 46 2
3 649 459 96 450 93 46 2
3 649 460 96 450 93 46 2
3 649 461 96 450 93 46 2
3 649 462 96 450 93 46 2
3 649 463 96 450 93 46 2
3 649 464 96 450 93 46 2
3 649 465 96 450 93 46 2
3 649 466 96 450 93 46 2
3 649 467 96 450 93 46 2
3 649 468 96 450 93 46 2
3 649 469 96 450 93 46 2
3 649 470 96 450 93 46 2
3 649 471 96 450 93 46 2
3 649 472 96 450 93 46 2
3 649 473 96 450 93 46 2
3 649 474 96 450 93 46 2
3 649 475 96 450 93 46 2
3 649 476 96 450 93 46 2
3 649 477 96 450 93 46 2
3 649 478 96 450 93 46 2
3 649 479 96 450 93 46 2
3 649 480 96 450 93 46 2
3 649 481 96 450 93 46 2
3 649 482 96 450 93 46 2
3 649 483 96 450 93 46 2
3 649 484 96 450 93 46 2
3 649 485 96 450 93 46 2
3 649 486 96 450 93 46 2
3 649 487 96 450 93 46 2
3 649 488 96 450 93 46 2
3 649 489 96 450 93 46 2
3 649 490 96 450 93 46 2
3 649 491 96 450 93 46 2
3 649 492 96 450 93 46 2
3 649 493 96 450 93 46 2
3 649 494 96 450 93 46 2
3 649 495 96 450 93 46 2
3 649 496 96 450 93 46 2
3 649 497 96 450 93 46 2
3 649 498 96 450 93 46 2
3 649 499 96 450 93 46 2
3 649 500 96 450 93 46 2
3 649 501 96 450 93 46 2
3 649 502 96 450 93 46 2
3 649 503 96 450 93 46 2
3 649 504 96 450 93 46 2
3 649 505 96 450 93 46 2
3 649 506 96 450 93 46 2
3 649 507 96 450 93 46 2
3 649 508 96 450 93 46 2
3 649 509 96 450 93 46 2
3 649 510 96 450 93 46 2
3 649 511 96 450 93 46 2
3 649 512 96 450 93 46 2
3 649 513 96 450 93 46 2
3 649 514 96 450 93 46 2
3 649 515 96 450 93 46 2
3 649 516 96 450 93 46 2
3 649 517 96 450 93 46 2
3 649 518 96 450 93 46 2
3 649 519 96 450 93 46 2
3 649 520 96 450 93 46 2
3 649 521 96 450 93 46 2
3 649 522 96 450 93 46 2
3 649 523 96 450 93 46 2
3 649 524 96 450 93 46 2
3 649 525 96 450 93 46 2
3 649 526 96 450 93 46 2
3 649 527 96 450 93 46 2
3 649 528 96 450 93 46 2
3 649 529 96 450 93 46 2
3 649 530 96 450 93 46 2
3 649 531 96 450 93 46 2
3 649 532 96 450 93 46 2
3 649 533 96 450 93 46 2
3 649 534 96 450 93 46 2
3 649 535 96 450 93 46 2
3 649 536 96 450 93 46 2
3 649 537 96 450 93 46 2
3 649 538 96 450 93 46 2
3 649 539 96 450 93 46 2
3 649 540 96 450 93 46 2
3 649 541 96 450 93 46 2
3 649 542 96 450 93 46 2
3 649 543 96 450 93 46 2
3 649 544 96 450 93 46 2
3 649 545 96 450 93 46 2
3 649 546 96 450 93 46 2
3 649 547 96 450 93 46 2
3 649 548 96 450 93 46 2
3 649 549 96 450 93 46 2
3 649 550 96 450 93 46 2
3 649 551 96 450 93 46 2
3 649 552 96 450 93 46 2
3 649 553 96 450 93 46 2
3 649 554 96 450 93 46 2
3 649 555 96 450 93 46 2
3 649 556 96 450 93 46 2
3 649 557 96 450 93 46 2
3 649 558 96 450 93 46 2
3 649 559 96 450 93 46 2
3 649 560 96 450 93 46 2
3 649 561 96 450 93 46 2
3 649 562 96 450 93 46 2
3 649 563 96 450 93 46 2
3 649 564 96 450 93 46 2
3 649 565 96 450 93 46 2
3 649 566 96 450 93 46 2
3 649 567 96 450 93 46 2
3 649 568 96 450 93 46 2
3 649 569 96 450 93 46 2
3 649 570 96 450 93 46 2
3 649 571 96 450 93 46 2
3 649 572 96 450 93 46 2
3 649 573 96 450 93 46 2
3 649 574 96 450 93 46 2
3 649 575 96 450 93 46 2
3 649 576 96 450 93 46 2
3 649 577 96 450 93 46 2
3 649 578 96 450 93 46 2
3 649 579 96 450 93 46 2
3 649 580 96 450 93 46 2
3 649 581 96 450 93 46 2
3 649 582 96 450 93 46 2
3 649 583 96 450 93 46 2
3 649 584 96 450 93 46 2
3 649 585 96 450 93 46 2
3 649 586 96 450 93 46 2
3 649 587 96 450 93 46 2
3 649 588 96 450 93 46 2
3 649 589 96 450 93 46 2
3 649 590 96 450 93 46 2
3 649 591 96 450 93 46 2
3 649 592 96 450 93 46 2
3 649 593 96 450 93 46 2
3 649 594 96 450 93 46 2
3 649 595 96 450 93 46 2
3 649 596 96 450 93 46 2
3 649 597 96 450 93 46 2
3 649 598 96 450 93 46 2
3 649 599 96 450 93 46 2
3 649 600 96 450 93 48 2
3 649 601 96 450 93 46 2
3 649 602 96 450 93 46 2
3 649 603 96 450 93 46 2
3 649 604 96 450 93 46 2
3 649 605 96 450 93 46 2
3 649 606 96 450 93 46 2
3 649 607 96 450 93 46 2
3 649 608 96 450 93 46 2
3 649 609 96 450 93 46 2
3 649 610 96 450 93 46 2
3 649 611 96 450 93 46 2
3 649 612 96 450 93 46 2
3 649 613 96 450 93 46 2
3 649 614 96 450 93 46 2
3 649 615 96 450 93 46 2
3 649 616 96 450 93 46 2
3 649 617 96 450 93 43 2
3 649 618 96 450 93 43 2
3 649 619 96 450 93 43 2
3 649 620 96 450 93 43 2
3 649 621 96 450 93 43 2
3 649 622 96 450 93 43 2
3 649 623 96 450 93 43 2
3 649 624 96 450 93 43 2
3 649 625 96 450 93 43 2
3 649 626 96 450 93 43 2
3 649 627 96 450 93 43 2
3 649 628 96 450 93 43 2
3 649 629 96 450 93 43 2
3 649 630 96 450 93 43 2
3 649 631 96 450 93 43 2
3 649 632 96 450 93 43 2
3 649 633 96 450 93 40 2
3 649 634 96 450 93 40 2
3 649 635 96 450 93 40 2
3 649 636 96 450 93 40 2
3 649 637 96 450 93 40 2
3 649 638 96 450 93 40 2
3 649 639 96 450 93 40 2
3 649 640 96 450 93 40 2
3 649 641 96 450 93 40 2
3 649 642 96 450 93 40 2
3 649 643 96 450 93 40 2
3 649 644 96 450 93 40 2
3 649 645 96 450 93 40 2
3 649 646 96 450 93 40 2
3 649 647 96 450 93 40 2
3 649 648 98 453 91 37 2
4 49 600 42 536 102 58 2
4 49 601 42 536 102 58 2
4 49 602 42 536 102 58 2
4 49 603 42 536 102 58 2
4 49 604 42 536 102 58 2
4 49 605 42 536 102 58 2
4 49 606 42 536 102 58 2
4 49 607 42 536 102 58 2
4 49 608 42 536 102 58 2
4 49 609 42 536 102 58 2
4 49 610 42 536 102 58 2
4 49 611 42 536 102 58 2
4 49 612 42 536 102 58 2
4 49 613 42 536 102 58 2
4 49 614 42 536 102 58 2
4 49 615 42 536 102 58 2
4 49 616 42 536 102 58 2
4 49 617 42 536 102 58 2
4 49 618 42 536 102 58 2
4 49 619 42 536 102 58 2
4 49 620 42 536 102 58 2
4 49 621 42 536 102 58 2
4 49 622 42 536 102 58 2
4 49 623 42 536 102 58 2
4 49 624 42 536 102 58 2
4 49 625 42 536 102 58 2
4 49 626 42 536 102 58 2
4 49 627 42 536 102 58 2
4 49 628 42 536 102 58 2
4 49 629 42 536 102 58 2
4 49 630 42 536 102 58 2
4 49 631 42 536 102 58 2
4 49 632 42 536 102 58 2
4 49 633 42 536 102 58 2
4 49 634 42 536 102 58 2
4 49 635 42 536 102 58 2
4 49 636 42 536 102 58 2
4 49 637 42 536 102 58 2
4 49 638 42 536 102 58 2
4 49 639 42 536 102 58 2
4 49 640 42 536 102 58 2
4 49 641 42 536 102 58 2
4 49 642 42 536 102 58 2
4 49 643 42 536 102 58 2
4 49 644 42 536 102 58 2
4 49 645 42 536 102 58 2
4 49 646 42 536 102 58 2
4 49 647 42 536 102 58 2
4 49 648 42 536 102 58 2
5 68 581 1896 272 21 40 2
5 68 582 1893 272 24 40 2
5 68 583 1893 272 24 40 2
5 68 584 1893 272 24 40 2
5 68 585 1893 272 24 40 2
5 68 586 1893 272 24 40 2
5 68 587 1890 272 27 40 2
5 68 588 1890 272 27 40 2
5 68 589 1890 272 27 40 2
5 68 590 1890 272 27 40 2
5 68 591 1890 272 27 40 2
5 68 592 1890 269 27 40 2
5 68 593 1890 269 27 40 2
5 68 594 1893 269 24 40 2
5 68 595 1890 266 27 40 2
5 68 596 1890 266 27 40 2
5 68 597 1890 266 27 40 2
5 68 598 1888 266 29 40 2
5 68 599 1888 266 29 40 2
5 68 600 1888 266 29 40 2
5 68 601 1885 264 32 40 2
5 68 602 1885 264 32 40 2
5 68 603 1885 264 32 40 2
5 68 604 1885 264 32 40 2
5 68 605 1885 264 32 40 2
5 68 606 1885 264 32 40 2
5 68 607 1885 264 32 40 2
5 68 608 1885 264 32 40 2
5 68 609 1885 264 32 40 2
5 68 610 1885 264 32 40 2
5 68 611 1885 264 32 40 2
5 68 612 1885 264 32 37 2
5 68 613 1885 264 32 37 2
5 68 614 1885 264 32 37 2
5 68 615 1885 264 32 37 2
5 68 616 1885 264 32 37 2
5 68 617 1882 264 35 37 2
5 68 618 1882 264 35 37 2
5 68 619 1882 264 35 37 2
5 68 620 1882 264 35 37 2
5 68 621 1882 264 35 37 2
5 68 622 1882 264 35 37 2
5 68 623 1882 264 35 34 2
5 68 624 1882 264 35 34 2
5 68 625 1882 264 35 34 2
5 68 626 1882 264 35 34 2
5 68 627 1882 264 35 34 2
5 68 628 1882 264 35 34 2
5 68 629 1882 264 35 34 2
5 68 630 1882 264 35 34 2
5 68 631 1882 264 35 34 2
5 68 632 1882 264 35 34 2
5 68 633 1882 264 35 34 2
5 68 634 1880 261 34 35 2
5 68 635 1880 261 34 35 2
5 68 636 1880 261 34 35 2
5 68 637 1880 261 34 35 2
5 68 638 1880 261 34 35 2
5 68 639 1880 261 34 35 2
5 68 640 1880 261 34 35 2
5 68 641 1877 261 35 35 2
5 68 642 1877 261 35 35 2
5 68 643 1877 261 35 35 2
5 68 644 1877 261 35 35 2
5 68 645 1877 261 35 35 2
5 68 646 1877 261 35 35 2
5 68 647 1877 261 35 35 2
5 68 648 1877 261 35 35 2
6 649 0 2 584 88 69 2
6 649 1 2 584 88 69 2
6 649 2 2 584 88 69 2
6 649 3 2 584 88 69 2
6 649 4 2 584 88 69 2
6 649 5 2 584 88 69 2
6 649 6 2 584 88 69 2
6 649 7 2 584 88 69 2
6 649 8 2 584 88 69 2
6 649 9 2 584 88 69 2
6 649 10 2 584 88 69 2
6 649 11 2 584 88 69 2
6 649 12 2 584 88 69 2
6 649 13 2 584 88 69 2
6 649 14 2 584 88 69 2
6 649 15 2 584 88 69 2
6 649 16 2 584 88 69 2
6 649 17 2 584 88 69 2
6 649 18 2 584 88 69 2
6 649 19 2 584 88 69 2
6 649 20 2 584 88 69 2
6 649 21 2 584 88 69 2
6 649 22 2 584 88 69 2
6 649 23 2 584 88 69 2
6 649 24 2 584 88 69 2
6 649 25 2 584 88 69 2
6 649 26 2 584 88 69 2
6 649 27 2 584 88 69 2
6 649 28 2 584 88 69 2
6 649 29 2 584 88 69 2
6 649 30 2 584 88 69 2
6 649 31 2 584 88 69 2
6 649 32 2 584 88 69 2
6 649 33 2 584 88 69 2
6 649 34 2 584 88 69 2
6 649 35 2 584 88 69 2
6 649 36 2 584 88 69 2
6 649 37 2 584 88 69 2
6 649 38 2 584 88 69 2
6 649 39 2 584 88 69 2
6 649 40 2 584 88 69 2
6 649 41 2 584 88 69 2
6 649 42 2 584 88 69 2
6 649 43 2 584 88 69 2
6 649 44 2 584 88 69 2
6 649 45 2 584 88 69 2
6 649 46 2 584 88 69 2
6 649 47 2 584 88 69 2
6 649 48 2 584 88 69 2
6 649 49 2 584 88 69 2
6 649 50 2 584 88 69 2
6 649 51 2 584 88 69 2
6 649 52 2 584 88 69 2
6 649 53 2 584 88 69 2
6 649 54 2 584 88 69 2
6 649 55 2 584 88 69 2
6 649 56 2 584 88 69 2
6 649 57 2 584 88 69 2
6 649 58 2 584 88 69 2
6 649 59 2 584 88 69 2
6 649 60 2 584 88 69 2
6 649 61 2 584 88 69 2
6 649 62 2 584 88 69 2
6 649 63 2 584 88 69 2
6 649 64 2 584 88 69 2
6 649 65 2 584 88 69 2
6 649 66 2 584 88 69 2
6 649 67 2 584 88 69 2
6 649 68 2 584 88 69 2
6 649 69 2 584 88 69 2
6 649 70 2 584 88 69 2
6 649 71 2 584 88 69 2
6 649 72 2 584 88 69 2
6 649 73 2 584 88 69 2
6 649 74 2 584 88 69 2
6 649 75 2 584 88 69 2
6 649 76 2 584 88 69 2
6 649 77 2 584 88 69 2
6 649 78 2 584 88 69 2
6 649 79 2 584 88 69 2
6 649 80 2 584 88 69 2
6 649 81 2 584 88 69 2
6 649 82 2 584 88 69 2
6 649 83 2 584 88 69 2
6 649 84 2 584 88 69 2
6 649 85 2 584 88 69 2
6 649 86 2 584 88 69 2
6 649 87 2 584 88 69 2
6 649 88 2 584 88 69 2
6 649 89 2 584 88 69 2
6 649 90 2 584 88 69 2
6 649 91 2 584 88 69 2
6 649 92 2 584 88 69 2
6 649 93 2 584 88 69 2
6 649 94 2 584 88 69 2
6 649 95 2 584 88 69 2
6 649 96 2 584 88 69 2
6 649 97 2 584 88 69 2
6 649 98 2 584 88 69 2
6 649 99 2 584 88 69 2
6 649 100 2 584 88 69 2
6 649 101 2 584 88 69 2
6 649 102 2 584 88 69 2
6 649 103 2 584 88 69 2
6 649 104 2 584 88 69 2
6 649 105 2 584 88 69 2
6 649 106 2 584 88 69 2
6 649 107 2 584 88 69 2
6 649 108 2 584 88 69 2
6 649 109 2 584 88 69 2
6 649 110 2 584 88 69 2
6 649 111 2 584 88 69 2
6 649 112 2 584 88 69 2
6 649 113 2 584 88 69 2
6 649 114 2 584 88 69 2
6 649 115 2 584 88 69 2
6 649 116 2 584 88 69 2
6 649 117 2 584 88 69 2
6 649 118 2 584 88 69 2
6 649 119 2 584 88 69 2
6 649 120 2 584 88 69 2
6 649 121 2 584 88 69 2
6 649 122 2 584 88 69 2
6 649 123 2 584 88 69 2
6 649 124 2 584 88 69 2
6 649 125 2 584 88 69 2
6 649 126 2 584 88 69 2
6 649 127 2 584 88 69 2
6 649 128 2 584 88 69 2
6 649 129 2 584 88 69 2
6 649 130 2 584 88 69 2
6 649 131 2 584 88 69 2
6 649 132 2 584 88 69 2
6 649 133 2 584 88 69 2
6 649 134 2 584 88 69 2
6 649 135 2 584 88 69 2
6 649 136 2 584 88 69 2
6 649 137 2 584 88 69 2
6 649 138 2 584 88 69 2
6 649 139 2 584 88 69 2
6 649 140 2 584 88 69 2
6 649 141 2 584 88 69 2
6 649 142 2 584 88 69 2
6 649 143 2 584 88 69 2
6 649 144 2 584 88 69 2
6 649 145 2 584 88 69 2
6 649 146 2 584 88 69 2
6 649 147 2 584 88 69 2
6 649 148 2 584 88 69 2
6 649 149 2 584 88 69 2
6 649 150 2 584 88 69 2
6 649 151 2 584 88 69 2
6 649 152 2 584 88 69 2
6 649 153 2 584 88 69 2
6 649 154 2 584 88 69 2
6 649 155 2 584 88 69 2
6 649 156 2 584 88 69 2
6 649 157 2 584 88 69 2
6 649 158 2 584 88 69 2
6 649 159 2 584 88 69 2
6 649 160 2 584 88 69 2
6 649 161 2 584 88 69 2
6 649 162 2 584 88 69 2
6 649 163 2 584 88 69 2
6 649 164 2 584 88 69 2
6 649 165 2 584 88 69 2
6 649 166 2 584 88 69 2
6 649 167 2 584 88 69 2
6 649 168 2 584 88 69 2
6 649 169 2 584 88 69 2
6 649 170 2 584 88 69 2
6 649 171 2 584 88 69 2
6 649 172 2 584 88 69 2
6 649 173 2 584 88 69 2
6 649 174 2 584 88 69 2
6 649 175 2 584 88 69 2
6 649 176 2 584 88 69 2
6 649 177 2 584 88 69 2
6 649 178 2 584 88 69 2
6 649 179 2 584 88 69 2
6 649 180 2 584 88 69 2
6 649 181 2 584 88 69 2
6 649 182 2 584 88 69 2
6 649 183 2 584 88 69 2
6 649 184 2 584 88 69 2
6 649 185 2 584 88 69 2
6 649 186 2 584 88 69 2
6 649 187 2 584 88 69 2
6 649 188 2 584 88 69 2
6 649 189 2 584 88 69 2
6 649 190 2 584 88 69 2
6 649 191 2 584 88 69 2
6 649 192 2 584 88 69 2
6 649 193 2 584 88 69 2
6 649 194 2 584 88 69 2
6 649 195 2 584 88 69 2
6 649 196 2 584 88 69 2
6 649 197 2 584 88 69 2
6 649 198 2 584 88 69 2
6 649 199 2 584 88 69 2
6 649 200 2 584 88 69 2
6 649 201 2 584 88 69 2
6 649 202 2 584 88 69 2
6 649 203 2 584 88 69 2
6 649 204 2 584 88 69 2
6 649 205 2 584 88 69 2
6 649 206 2 584 88 69 2
6 649 207 2 584 88 69 2
6 649 208 2 584 88 69 2
6 649 209 2 584 88 69 2
6 649 210 2 584 88 69 2
6 649 211 2 584 88 69 2
6 649 212 2 584 88 69 2
6 649 213 2 584 88 69 2
6 649 214 2 584 88 69 2
6 649 215 2 584 88 69 2
6 649 216 2 584 88 69 2
6 649 217 2 584 88 69 2
6 649 218 2 584 88 69 2
6 649 219 2 584 88 69 2
6 649 220 2 584 88 69 2
6 649 221 2 584 88 69 2
6 649 222 2 584 88 69 2
6 649 223 2 584 88 69 2
6 649 224 2 584 88 69 2
6 649 225 2 584 88 69 2
6 649 226 2 584 88 69 2
6 649 227 2 584 88 69 2
6 649 228 2 584 88 69 2
6 649 229 2 584 88 69 2
6 649 230 2 584 88 69 2
6 649 231 2 584 88 69 2
6 649 232 2 584 88 69 2
6 649 233 2 584 88 69 2
6 649 234 2 584 88 69 2
6 649 235 2 584 88 69 2
6 649 236 2 584 88 69 2
6 649 237 2 584 88 69 2
6 649 238 2 584 88 69 2
6 649 239 2 584 88 69 2
6 649 240 2 584 88 69 2
6 649 241 2 584 88 69 2
6 649 242 2 584 88 69 2
6 649 243 2 584 88 69 2
6 649 244 2 584 88 69 2
6 649 245 2 584 88 69 2
6 649 246 2 584 88 69 2
6 649 247 2 584 88 69 2
6 649 248 2 584 88 69 2
6 649 249 2 584 88 69 2
6 649 250 2 584 88 69 2
6 649 251 2 584 88 69 2
6 649 252 2 584 88 69 2
6 649 253 2 584 88 69 2
6 649 254 2 584 88 69 2
6 649 255 2 584 88 69 2
6 649 256 2 584 88 69 2
6 649 257 2 584 88 69 2
6 649 258 2 584 88 69 2
6 649 259 2 584 88 69 2
6 649 260 2 584 88 69 2
6 649 261 2 584 88 69 2
6 649 262 2 584 88 69 2
6 649 263 2 584 88 69 2
6 649 264 2 584 88 69 2
6 649 265 2 584 88 69 2
6 649 266 2 584 88 69 2
6 649 267 2 584 88 69 2
6 649 268 2 584 88 69 2
6 649 269 2 584 88 69 2
6 649 270 2 584 88 69 2
6 649 271 2 584 88 69 2
6 649 272 2 584 88 69 2
6 649 273 2 584 88 69 2
6 649 274 2 584 88 69 2
6 649 275 2 584 88 69 2
6 649 276 2 584 88 69 2
6 649 277 2 584 88 69 2
6 649 278 2 584 88 69 2
6 649 279 2 584 88 69 2
6 649 280 2 584 88 69 2
6 649 281 2 584 88 69 2
6 649 282 2 584 88 69 2
6 649 283 2 584 88 69 2
6 649 284 2 584 88 69 2
6 649 285 2 584 88 69 2
6 649 286 2 584 88 69 2
6 649 287 2 584 88 69 2
6 649 288 2 584 88 69 2
6 649 289 2 584 88 69 2
6 649 290 2 584 88 69 2
6 649 291 2 584 88 69 2
6 649 292 2 584 88 69 2
6 649 293 2 584 88 69 2
6 649 294 2 584 88 69 2
6 649 295 2 584 88 69 2
6 649 296 2 584 88 69 2
6 649 297 2 584 88 69 2
6 649 298 2 584 88 69 2
6 649 299 2 584 88 69 2
6 649 300 2 584 88 69 2
6 649 301 0 584 90 66 2
6 649 302 0 584 90 66 2
6 649 303 0 584 90 66 2
6 649 304 0 584 90 66 2
6 649 305 0 584 90 66 2
6 649 306 0 584 90 66 2
6 649 307 0 584 90 66 2
6 649 308 0 584 90 66 2
6 649 309 0 584 90 66 2
6 649 310 0 584 90 66 2
6 649 311 0 584 90 66 2
6 649 312 0 584 90 66 2
6 649 313 0 584 90 66 2
6 649 314 0 584 90 66 2
6 649 315 0 584 90 66 2
6 649 316 0 584 90 66 2
6 649 317 0 584 90 66 2
6 649 318 0 584 90 66 2
6 649 319 0 584 90 66 2
6 649 320 0 584 90 66 2
6 649 321 0 584 90 66 2
6 649 322 0 584 90 66 2
6 649 323 0 584 90 66 2
6 649 324 0 584 90 66 2
6 649 325 0 584 90 66 2
6 649 326 0 584 90 66 2
6 649 327 0 584 90 66 2
6 649 328 0 584 90 66 2
6 649 329 0 584 90 66 2
6 649 330 0 584 90 66 2
6 649 331 0 584 90 66 2
6 649 332 0 584 90 66 2
6 649 333 0 584 90 66 2
6 649 334 0 584 90 66 2
6 649 335 0 584 90 66 2
6 649 336 0 584 90 66 2
6 649 337 0 584 90 66 2
6 649 338 0 584 90 66 2
6 649 339 0 584 90 66 2
6 649 340 0 584 90 66 2
6 649 341 0 584 90 66 2
6 649 342 0 584 90 66 2
6 649 343 0 584 90 66 2
6 649 344 0 584 90 66 2
6 649 345 0 584 90 66 2
6 649 346 0 584 90 66 2
6 649 347 0 584 90 66 2
6 649 348 0 584 90 66 2
6 649 349 0 584 90 66 2
6 649 350 0 584 90 66 2
6 649 351 0 584 90 66 2
6 649 352 0 584 90 66 2
6 649 353 0 584 90 66 2
6 649 354 0 584 90 66 2
6 649 355 0 584 90 66 2
6 649 356 0 584 90 66 2
6 649 357 0 584 90 66 2
6 649 358 0 584 90 66 2
6 649 359 0 584 90 66 2
6 649 360 0 584 90 66 2
6 649 361 0 584 90 66 2
6 649 362 0 584 90 66 2
6 649 363 0 584 90 66 2
6 649 364 0 584 90 66 2
6 649 365 0 584 90 66 2
6 649 366 0 584 90 66 2
6 649 367 0 584 90 66 2
6 649 368 0 584 90 66 2
6 649 369 0 584 90 66 2
6 649 370 0 584 90 66 2
6 649 371 0 584 90 66 2
6 649 372 0 584 90 66 2
6 649 373 0 584 90 66 2
6 649 374 0 584 90 66 2
6 649 375 0 584 90 66 2
6 649 376 0 584 90 66 2
6 649 377 0 584 90 66 2
6 649 378 0 584 90 66 2
6 649 379 0 584 90 66 2
6 649 380 0 584 90 66 2
6 649 381 0 584 90 66 2
6 649 382 0 584 90 66 2
6 649 383 0 584 90 66 2
6 649 384 0 584 90 66 2
6 649 385 0 584 90 66 2
6 649 386 0 584 90 66 2
6 649 387 0 584 90 66 2
6 649 388 0 584 90 66 2
6 649 389 0 584 90 66 2
6 649 390 0 584 90 66 2
6 649 391 0 584 90 66 2
6 649 392 0 584 90 66 2
6 649 393 0 584 90 66 2
6 649 394 0 584 90 66 2
6 649 395 0 584 90 66 2
6 649 396 0 584 90 66 2
6 649 397 0 584 90 66 2
6 649 398 0 584 90 66 2
6 649 399 0 584 90 66 2
6 649 400 0 584 90 66 2
6 649 401 0 584 90 66 2
6 649 402 0 584 90 66 2
6 649 403 0 584 90 66 2
6 649 404 0 584 90 66 2
6 649 405 0 584 90 66 2
6 649 406 0 584 90 66 2
6 649 407 0 584 90 66 2
6 649 408 0 584 90 66 2
6 649 409 0 584 90 66 2
6 649 410 0 584 90 66 2
6 649 411 0 584 90 66 2
6 649 412 0 584 90 66 2
6 649 413 0 584 90 66 2
6 649 414 0 584 90 66 2
6 649 415 0 584 90 66 2
6 649 416 0 584 90 66 2
6 649 417 0 584 90 66 2
6 649 418 0 584 90 66 2
6 649 419 0 584 90 66 2
6 649 420 0 584 90 66 2
6 649 421 0 584 90 66 2
6 649 422 0 584 90 66 2
6 649 423 0 584 90 66 2
6 649 424 0 584 90 66 2
6 649 425 0 584 90 66 2
6 649 426 0 584 90 66 2
6 649 427 0 584 90 66 2
6 649 428 0 584 90 66 2
6 649 429 0 584 90 66 2
6 649 430 0 584 90 66 2
6 649 431 0 584 90 66 2
6 649 432 0 584 90 66 2
6 649 433 0 584 90 66 2
6 649 434 0 584 90 66 2
6 649 435 0 584 90 66 2
6 649 436 0 584 90 66 2
6 649 437 0 584 90 66 2
6 649 438 0 584 90 66 2
6 649 439 0 584 90 66 2
6 649 440 0 584 90 66 2
6 649 441 0 584 90 66 2
6 649 442 0 584 90 66 2
6 649 443 0 584 90 66 2
6 649 444 0 584 90 66 2
6 649 445 0 584 90 66 2
6 649 446 0 584 90 66 2
6 649 447 0 584 90 66 2
6 649 448 0 584 90 66 2
6 649 449 0 584 90 66 2
6 649 450 0 584 90 66 2
6 649 451 0 584 90 66 2
6 649 452 0 584 90 66 2
6 649 453 0 584 90 66 2
6 649 454 0 584 90 66 2
6 649 455 0 584 90 66 2
6 649 456 0 584 90 66 2
6 649 457 0 584 90 66 2
6 649 458 0 584 90 66 2
6 649 459 0 584 90 66 2
6 649 460 0 584 90 66 2
6 649 461 0 584 90 66 2
6 649 462 0 584 90 66 2
6 649 463 0 584 90 66 2
6 649 464 0 584 90 66 2
6 649 465 0 584 90 66 2
6 649 466 0 584 90 66 2
6 649 467 0 584 90 66 2
6 649 468 0 584 90 66 2
6 649 469 0 584 90 66 2
6 649 470 0 584 90 66 2
6 649 471 0 584 90 66 2
6 649 472 0 584 90 66 2
6 649 473 0 584 90 66 2
6 649 474 0 584 90 66 2
6 649 475 0 584 90 66 2
6 649 476 0 584 90 66 2
6 649 477 0 584 90 66 2
6 649 478 0 584 90 66 2
6 649 479 0 584 90 66 2
6 649 480 0 584 90 66 2
6 649 481 0 584 90 66 2
6 649 482 0 584 90 66 2
6 649 483 0 584 90 66 2
6 649 484 0 584 90 66 2
6 649 485 0 584 90 66 2
6 649 486 0 584 90 66 2
6 649 487 0 584 90 66 2
6 649 488 0 584 90 66 2
6 649 489 0 584 90 66 2
6 649 490 0 584 90 66 2
6 649 491 0 584 90 66 2
6 649 492 0 584 90 66 2
6 649 493 0 584 90 66 2
6 649 494 0 584 90 66 2
6 649 495 0 584 90 66 2
6 649 496 0 584 90 66 2
6 649 497 0 584 90 66 2
6 649 498 0 584 90 66 2
6 649 499 0 584 90 66 2
6 649 500 0 584 90 66 2
6 649 501 0 584 90 66 2
6 649 502 0 584 90 66 2
6 649 503 0 584 90 66 2
6 649 504 0 584 90 66 2
6 649 505 0 584 90 66 2
6 649 506 0 584 90 66 2
6 649 507 0 584 90 66 2
6 649 508 0 584 90 66 2
6 649 509 0 584 90 66 2
6 649 510 0 584 90 66 2
6 649 511 0 584 90 66 2
6 649 512 0 584 90 66 2
6 649 513 0 584 90 66 2
6 649 514 0 584 90 66 2
6 649 515 0 584 90 66 2
6 649 516 0 584 90 66 2
6 649 517 0 584 90 66 2
6 649 518 0 584 90 66 2
6 649 519 0 584 90 66 2
6 649 520 0 584 90 66 2
6 649 521 0 584 90 66 2
6 649 522 0 584 90 66 2
6 649 523 0 584 90 66 2
6 649 524 0 584 90 66 2
6 649 525 0 584 90 66 2
6 649 526 0 584 90 66 2
6 649 527 0 584 90 66 2
6 649 528 0 584 90 66 2
6 649 529 0 584 90 66 2
6 649 530 0 584 90 66 2
6 649 531 0 584 90 66 2
6 649 532 0 584 90 66 2
6 649 533 0 584 90 66 2
6 649 534 0 584 90 66 2
6 649 535 0 584 90 66 2
6 649 536 0 584 90 66 2
6 649 537 0 584 90 66 2
6 649 538 0 584 90 66 2
6 649 539 0 584 90 66 2
6 649 540 0 584 90 66 2
6 649 541 0 584 90 66 2
6 649 542 0 584 90 66 2
6 649 543 0 584 90 66 2
6 649 544 0 584 90 66 2
6 649 545 0 584 90 66 2
6 649 546 0 584 90 66 2
6 649 547 0 584 90 66 2
6 649 548 0 584 90 66 2
6 649 549 0 584 90 66 2
6 649 550 0 584 90 66 2
6 649 551 0 584 90 66 2
6 649 552 0 584 90 66 2
6 649 553 0 584 90 66 2
6 649 554 0 584 90 66 2
6 649 555 0 584 90 66 2
6 649 556 0 584 90 66 2
6 649 557 0 584 90 66 2
6 649 558 0 584 90 66 2
6 649 559 0 584 90 66 2
6 649 560 0 584 90 66 2
6 649 561 0 584 90 66 2
6 649 562 0 584 90 66 2
6 649 563 0 584 90 66 2
6 649 564 0 584 90 66 2
6 649 565 0 584 90 66 2
6 649 566 0 584 90 66 2
6 649 567 0 584 90 66 2
6 649 568 0 584 90 66 2
6 649 569 0 584 90 66 2
6 649 570 0 584 90 66 2
6 649 571 0 584 90 66 2
6 649 572 0 584 90 66 2
6 649 573 0 584 90 66 2
6 649 574 0 584 90 66 2
6 649 575 0 584 90 66 2
6 649 576 0 584 90 66 2
6 649 577 0 584 90 66 2
6 649 578 0 584 90 66 2
6 649 579 0 584 90 66 2
6 649 580 0 584 90 66 2
6 649 581 0 584 90 66 2
6 649 582 0 584 90 66 2
6 649 583 0 584 90 66 2
6 649 584 0 584 90 66 2
6 649 585 0 584 90 66 2
6 649 586 0 584 90 66 2
6 649 587 0 584 90 66 2
6 649 588 0 584 90 66 2
6 649 589 0 584 90 66 2
6 649 590 0 584 90 66 2
6 649 591 0 584 90 66 2
6 649 592 0 584 90 66 2
6 649 593 0 584 90 66 2
6 649 594 0 584 90 66 2
6 649 595 0 584 90 66 2
6 649 596 0 584 90 66 2
6 649 597 0 584 90 66 2
6 649 598 0 584 90 66 2
6 649 599 0 584 90 66 2
6 649 600 0 586 90 64 2
6 649 601 0 586 90 64 2
6 649 602 0 586 90 64 2
6 649 603 0 586 90 64 2
6 649 604 0 586 90 64 2
6 649 605 0 586 90 64 2
6 649 606 0 586 90 64 2
6 649 607 0 586 90 64 2
6 649 608 0 586 90 64 2
6 649 609 0 586 90 64 2
6 649 610 0 586 90 64 2
6 649 611 0 586 90 64 2
6 649 612 0 586 90 67 2
6 649 613 0 586 90 67 2
6 649 614 0 586 90 67 2
6 649 615 0 586 90 67 2
6 649 616 0 586 90 67 2
6 649 617 0 586 90 67 2
6 649 618 0 586 90 67 2
6 649 619 0 586 90 67 2
6 649 620 0 586 90 67 2
6 649 621 0 586 90 67 2
6 649 622 0 586 90 67 2
6 649 623 0 586 90 67 2
6 649 624 0 586 90 70 2
6 649 625 0 586 90 70 2
6 649 626 0 586 90 70 2
6 649 627 0 586 90 70 2
6 649 628 0 586 90 70 2
6 649 629 0 586 90 70 2
6 649 630 0 586 90 70 2
6 649 631 0 586 90 70 2
6 649 632 0 586 90 70 2
6 649 633 0 586 90 70 2
6 649 634 0 586 90 70 2
6 649 635 0 586 90 70 2
6 649 636 0 586 90 72 2
6 649 637 0 586 90 72 2
6 649 638 0 586 90 72 2
6 649 639 0 586 90 72 2
6 649 640 0 586 90 72 2
6 649 641 0 586 90 72 2
6 649 642 0 586 90 72 2
6 649 643 0 586 90 72 2
6 649 644 0 586 90 72 2
6 649 645 0 586 90 72 2
6 649 646 0 586 90 72 2
6 649 647 0 586 90 72 2
6 649 648 2 586 88 75 2
7 322 0 37 469 104 48 2
7 322 1 37 469 104 48 2
7 322 2 37 469 104 48 2
7 322 3 37 469 104 48 2
7 322 4 37 469 104 48 2
7 322 5 37 469 104 48 2
7 322 6 37 469 104 48 2
7 322 7 37 469 104 48 2
7 322 8 37 469 104 48 2
7 322 9 37 469 104 48 2
7 322 10 37 469 104 48 2
7 322 11 37 469 104 48 2
7 322 12 37 469 104 48 2
7 322 13 37 469 104 48 2
7 322 14 37 469 104 48 2
7 322 15 37 469 104 48 2
7 322 16 37 469 104 48 2
7 322 17 37 469 104 48 2
7 322 18 37 469 104 48 2
7 322 19 37 469 104 48 2
7 322 20 37 469 104 48 2
7 322 21 37 469 104 48 2
7 322 22 37 469 104 48 2
7 322 23 37 469 104 48 2
7 322 24 37 469 104 48 2
7 322 25 37 469 104 48 2
7 322 26 37 469 104 48 2
7 322 27 37 469 104 48 2
7 322 28 37 469 104 48 2
7 322 29 37 469 104 48 2
7 322 30 37 469 104 48 2
7 322 31 37 469 104 48 2
7 322 32 37 469 104 48 2
7 322 33 37 469 104 48 2
7 322 34 37 469 104 48 2
7 322 35 37 469 104 48 2
7 322 36 37 469 104 48 2
7 322 37 37 469 104 48 2
7 322 38 37 469 104 48 2
7 322 39 37 469 104 48 2
7 322 40 37 469 104 48 2
7 322 41 37 469 104 48 2
7 322 42 37 469 104 48 2
7 322 43 37 469 104 48 2
7 322 44 37 469 104 48 2
7 322 45 37 469 104 48 2
7 322 46 37 469 104 48 2
7 322 47 37 469 104 48 2
7 322 48 37 469 104 48 2
7 322 49 37 469 104 48 2
7 322 50 37 469 104 48 2
7 322 51 37 469 104 48 2
7 322 52 37 469 104 48 2
7 322 53 37 469 104 48 2
7 322 54 37 469 104 48 2
7 322 55 37 469 104 48 2
7 322 56 37 469 104 48 2
7 322 57 37 469 104 48 2
7 322 58 37 469 104 48 2
7 322 59 37 469 104 48 2
7 322 60 37 469 104 48 2
7 322 61 37 469 104 48 2
7 322 62 37 469 104 48 2
7 322 63 37 469 104 48 2
7 322 64 37 469 104 48 2
7 322 65 37 469 104 48 2
7 322 66 37 469 104 48 2
7 322 67 37 469 104 48 2
7 322 68 37 469 104 48 2
7 322 69 37 469 104 48 2
7 322 70 37 469 104 48 2
7 322 71 37 469 104 48 2
7 322 72 37 469 104 48 2
7 322 73 40 469 104 48 2
7 322 74 40 469 104 48 2
7 322 75 40 469 104 48 2
7 322 76 40 469 104 48 2
7 322 77 40 469 104 48 2
7 322 78 40 469 104 48 2
7 322 79 42 469 104 48 2
7 322 80 42 469 104 48 2
7 322 81 42 469 104 48 2
7 322 82 42 469 104 48 2
7 322 83 42 469 104 48 2
7 322 84 42 469 104 48 2
7 322 85 45 469 104 48 2
7 322 86 45 469 104 48 2
7 322 87 45 469 104 48 2
7 322 88 45 469 104 48 2
7 322 89 45 469 104 48 2
7 322 90 48 469 104 48 2
7 322 91 48 469 104 48 2
7 322 92 48 469 104 48 2
7 322 93 48 469 104 48 2
7 322 94 48 469 104 48 2
7 322 95 48 469 104 48 2
7 322 96 50 472 104 48 2
7 322 97 50 472 104 48 2
7 322 98 50 472 104 48 2
7 322 99 50 472 104 48 2
7 322 100 50 472 104 48 2
7 322 101 50 472 104 48 2
7 322 102 53 472 104 48 2
7 322 103 53 472 104 48 2
7 322 104 53 472 104 48 2
7 322 105 53 472 104 48 2
7 322 106 53 472 104 48 2
7 322 107 56 472 104 48 2
7 322 108 56 472 104 48 2
7 322 109 56 472 104 48 2
7 322 110 56 472 104 48 2
7 322 111 56 472 104 48 2
7 322 112 56 472 104 48 2
7 322 113 58 472 104 48 2
7 322 114 58 472 104 48 2
7 322 115 58 472 104 48 2
7 322 116 58 472 104 48 2
7 322 117 58 472 104 48 2
7 322 118 61 474 104 48 2
7 322 119 61 474 104 48 2
7 322 120 61 474 104 48 2
7 322 121 61 474 104 48 2
7 322 122 64 474 104 48 2
7 322 123 64 474 104 48 2
7 322 124 64 474 104 48 2
7 322 125 64 474 104 48 2
7 322 126 66 474 104 48 2
7 322 127 66 474 104 48 2
7 322 128 66 474 104 48 2
7 322 129 66 474 107 48 2
7 322 130 69 474 104 48 2
7 322 131 69 474 104 48 2
7 322 132 69 474 104 48 2
7 322 133 69 474 107 48 2
7 322 134 72 474 104 48 2
7 322 135 72 474 104 48 2
7 322 136 72 474 106 48 2
7 322 137 74 474 104 48 2
7 322 138 74 474 104 48 2
7 322 139 74 474 104 48 2
7 322 140 74 477 107 48 2
7 322 141 77 477 104 48 2
7 322 142 77 477 104 48 2
7 322 143 77 477 107 48 2
7 322 144 77 477 107 48 2
7 322 145 80 477 104 48 2
7 322 146 80 477 104 48 2
7 322 147 80 477 106 48 2
7 322 148 80 477 106 48 2
7 322 149 82 477 104 48 2
7 322 150 82 477 107 48 2
7 322 151 82 477 107 48 2
7 322 152 85 477 104 48 2
7 322 153 85 477 104 48 2
7 322 154 85 477 107 48 2
7 322 155 85 477 107 48 2
7 322 156 88 477 104 48 2
7 322 157 88 477 104 48 2
7 322 158 88 477 106 48 2
7 322 159 88 477 106 48 2
7 322 160 90 477 104 48 2
7 322 161 90 480 107 48 2
7 322 162 90 480 107 48 2
7 322 163 90 480 107 48 2
7 322 164 93 480 104 48 2
7 322 165 93 480 107 48 2
7 322 166 93 480 107 48 2
7 322 167 96 480 104 48 2
7 322 168 96 480 106 48 2
7 322 169 96 480 106 48 2
7 322 170 96 480 106 48 2
7 322 171 98 480 104 48 2
7 322 172 98 480 107 48 2
7 322 173 98 480 107 48 2
7 322 174 98 480 107 48 2
7 322 175 101 480 107 48 2
7 322 176 101 480 107 48 2
7 322 177 101 480 107 48 2
7 322 178 101 480 107 48 2
7 322 179 104 480 106 48 2
7 322 180 104 480 106 48 2
7 322 181 104 480 106 48 2
7 322 182 106 482 107 48 2
7 322 183 106 482 107 48 2
7 322 184 106 482 110 48 2
7 322 185 109 482 107 48 2
7 322 186 109 482 109 48 2
7 322 187 112 482 106 48 2
7 322 188 112 482 109 48 2
7 322 189 112 482 112 48 2
7 322 190 114 482 110 48 2
7 322 191 114 482 112 48 2
7 322 192 117 482 109 48 2
7 322 193 117 482 112 48 2
7 322 194 117 482 115 48 2
7 322 195 120 482 112 48 2
7 322 196 120 482 114 48 2
7 322 197 122 482 112 48 2
7 322 198 122 482 115 48 2
7 322 199 125 482 112 48 2
7 322 200 125 482 115 48 2
7 322 201 125 482 117 48 2
7 322 202 128 482 114 48 2
7 322 203 128 482 117 48 2
7 322 204 130 482 115 48 2
7 322 205 130 482 118 48 2
7 322 206 130 482 120 48 2
7 322 207 133 482 117 48 2
7 322 208 133 482 120 48 2
7 322 209 136 482 117 48 2
7 322 210 136 482 120 48 2
7 322 211 136 482 122 48 2
7 322 212 138 482 120 48 2
7 322 213 138 482 123 48 2
7 322 214 141 482 120 48 2
7 322 215 141 482 123 48 2
7 322 216 144 482 120 48 2
7 322 217 144 482 122 48 2
7 322 218 144 482 125 48 2
7 322 219 146 482 123 48 2
7 322 220 146 482 126 48 2
7 322 221 149 482 123 48 2
7 322 222 149 482 125 48 2
7 322 223 149 482 128 48 2
7 322 224 152 482 125 48 2
7 322 225 152 482 128 48 2
7 322 226 154 482 126 48 2
7 322 227 154 482 128 48 2
7 322 228 157 485 128 48 2
7 322 229 157 482 128 48 2
7 322 230 157 482 128 48 2
7 322 231 157 482 128 48 2
7 322 232 157 482 128 48 2
7 322 233 160 482 128 48 2
7 322 234 160 482 128 48 2
7 322 235 160 482 128 48 2
7 322 236 160 482 128 48 2
7 322 237 160 482 128 48 2
7 322 238 162 482 128 48 2
7 322 239 162 482 128 48 2
7 322 240 162 482 128 48 2
7 322 241 162 482 128 48 2
7 322 242 162 482 128 48 2
7 322 243 165 482 128 48 2
7 322 244 165 482 128 48 2
7 322 245 165 482 128 48 2
7 322 246 165 482 128 48 2
7 322 247 165 482 128 48 2
7 322 248 168 482 128 48 2
7 322 249 168 482 128 48 2
7 322 250 168 482 128 48 2
7 322 251 168 482 128 48 2
7 322 252 168 482 128 48 2
7 322 253 170 482 128 48 2
7 322 254 170 482 128 48 2
7 322 255 170 482 128 48 2
7 322 256 170 480 128 48 2
7 322 257 170 480 128 48 2
7 322 258 173 480 128 48 2
7 322 259 173 480 128 48 2
7 322 260 173 480 128 48 2
7 322 261 173 480 128 48 2
7 322 262 173 480 128 48 2
7 322 263 176 480 128 48 2
7 322 264 176 480 128 48 2
7 322 265 176 480 128 48 2
7 322 266 176 480 128 48 2
7 322 267 176 480 128 48 2
7 322 268 178 480 128 48 2
7 322 269 178 480 128 48 2
7 322 270 178 480 128 48 2
7 322 271 178 480 128 48 2
7 322 272 178 480 128 48 2
7 322 273 181 480 128 48 2
7 322 274 181 480 128 48 2
7 322 275 181 480 128 48 2
7 322 276 181 480 128 48 2
7 322 277 181 480 128 48 2
7 322 278 184 480 128 48 2
7 322 279 184 480 128 48 2
7 322 280 184 480 128 48 2
7 322 281 184 480 128 48 2
7 322 282 184 480 128 48 2
7 322 283 186 480 128 48 2
7 322 284 181 477 128 48 2
7 322 285 178 477 126 48 2
7 322 286 173 477 125 48 2
7 322 287 170 477 126 48 2
7 322 288 165 477 125 48 2
7 322 289 162 477 123 48 2
7 322 290 157 477 125 48 2
7 322 291 154 477 123 48 2
7 322 292 149 477 123 48 2
7 322 293 146 474 123 48 2
7 322 294 144 474 120 48 2
7 322 295 138 474 120 48 2
7 322 296 136 474 120 48 2
7 322 297 130 474 120 48 2
7 322 298 128 474 117 48 2
7 322 299 122 474 120 48 2
7 322 300 120 474 117 48 2
7 322 301 114 474 118 48 2
7 322 302 112 474 117 48 2
7 322 303 109 472 115 48 2
7 322 304 104 472 114 48 2
7 322 305 101 472 112 48 2
7 322 306 96 472 114 48 2
7 322 307 93 472 112 48 2
7 322 308 88 472 112 48 2
7 322 309 85 472 112 48 2
7 322 310 80 472 112 48 2
7 322 311 77 472 109 48 2
7 322 312 74 469 110 48 2
7 322 313 69 469 109 48 2
7 322 314 66 469 107 48 2
7 322 315 61 469 109 48 2
7 322 316 58 469 107 48 2
7 322 317 53 469 107 48 2
7 322 318 50 469 107 48 2
7 322 319 45 469 107 48 2
7 322 320 42 469 104 48 2
7 322 321 40 469 104 48 2
8 322 0 45 533 96 61 2
8 322 1 45 533 96 61 2
8 322 2 45 533 96 61 2
8 322 3 45 533 96 61 2
8 322 4 45 533 96 61 2
8 322 5 45 533 96 61 2
8 322 6 45 533 96 61 2
8 322 7 45 533 96 61 2
8 322 8 45 533 96 61 2
8 322 9 45 533 96 61 2
8 322 10 45 533 96 61 2
8 322 11 45 533 96 61 2
8 322 12 45 533 96 61 2
8 322 13 45 533 96 61 2
8 322 14 45 533 96 61 2
8 322 15 45 533 96 61 2
8 322 16 45 533 96 61 2
8 322 17 45 533 96 61 2
8 322 18 45 533 96 61 2
8 322 19 45 533 96 61 2
8 322 20 45 533 96 61 2
8 322 21 45 533 96 61 2
8 322 22 45 533 96 61 2
8 322 23 45 533 96 61 2
8 322 24 45 533 96 61 2
8 322 25 45 533 96 61 2
8 322 26 45 533 96 61 2
8 322 27 45 533 96 61 2
8 322 28 45 533 96 61 2
8 322 29 45 533 96 61 2
8 322 30 45 533 96 61 2
8 322 31 45 533 96 61 2
8 322 32 45 533 96 61 2
8 322 33 45 533 96 61 2
8 322 34 45 533 96 61 2
8 322 35 45 533 96 61 2
8 322 36 45 533 96 61 2
8 322 37 45 533 96 61 2
8 322 38 45 533 96 61 2
8 322 39 45 533 96 61 2
8 322 40 45 533 96 61 2
8 322 41 45 533 96 61 2
8 322 42 45 533 96 61 2
8 322 43 45 533 96 61 2
8 322 44 45 533 96 61 2
8 322 45 45 533 96 61 2
8 322 46 45 533 96 61 2
8 322 47 45 533 96 61 2
8 322 48 45 533 96 61 2
8 322 49 45 533 96 61 2
8 322 50 45 533 96 61 2
8 322 51 45 533 96 61 2
8 322 52 45 533 96 61 2
8 322 53 45 533 96 61 2
8 322 54 45 533 96 61 2
8 322 55 45 533 96 61 2
8 322 56 45 533 96 61 2
8 322 57 45 533 96 61 2
8 322 58 45 533 96 61 2
8 322 59 45 533 96 61 2
8 322 60 45 533 96 61 2
8 322 61 45 533 96 61 2
8 322 62 45 533 96 61 2
8 322 63 45 533 96 61 2
8 322 64 45 533 96 61 2
8 322 65 45 533 96 61 2
8 322 66 45 533 96 61 2
8 322 67 45 533 96 61 2
8 322 68 45 533 96 61 2
8 322 69 45 533 96 61 2
8 322 70 45 533 96 61 2
8 322 71 45 533 96 61 2
8 322 72 45 533 96 61 2
8 322 73 45 533 96 61 2
8 322 74 45 533 96 61 2
8 322 75 45 533 96 61 2
8 322 76 45 533 96 61 2
8 322 77 45 533 96 61 2
8 322 78 45 533 96 61 2
8 322 79 45 533 96 61 2
8 322 80 45 533 96 61 2
8 322 81 45 533 96 61 2
8 322 82 45 533 96 61 2
8 322 83 45 533 96 61 2
8 322 84 45 533 96 61 2
8 322 85 45 533 96 61 2
8 322 86 45 533 96 61 2
8 322 87 45 533 96 61 2
8 322 88 45 533 96 61 2
8 322 89 45 533 96 61 2
8 322 90 45 533 96 61 2
8 322 91 45 533 96 61 2
8 322 92 45 533 96 61 2
8 322 93 45 533 96 61 2
8 322 94 45 533 96 61 2
8 322 95 45 533 96 61 2
8 322 96 45 533 96 61 2
8 322 97 45 533 96 61 2
8 322 98 45 533 96 61 2
8 322 99 45 533 96 61 2
8 322 100 45 533 96 61 2
8 322 101 45 533 96 61 2
8 322 102 45 533 96 61 2
8 322 103 45 533 96 61 2
8 322 104 45 533 96 61 2
8 322 105 45 533 96 61 2
8 322 106 45 533 96 61 2
8 322 107 45 533 96 61 2
8 322 108 45 533 96 61 2
8 322 109 45 533 96 61 2
8 322 110 45 533 96 61 2
8 322 111 45 533 96 61 2
8 322 112 45 533 96 61 2
8 322 113 45 533 96 61 2
8 322 114 45 533 96 61 2
8 322 115 45 533 96 61 2
8 322 116 45 533 96 61 2
8 322 117 45 533 96 61 2
8 322 118 45 533 96 61 2
8 322 119 45 533 96 61 2
8 322 120 45 533 96 61 2
8 322 121 45 533 96 61 2
8 322 122 45 533 96 61 2
8 322 123 45 533 96 61 2
8 322 124 45 533 96 61 2
8 322 125 45 533 96 61 2
8 322 126 45 533 96 61 2
8 322 127 45 533 96 61 2
8 322 128 45 533 96 61 2
8 322 129 45 533 96 61 2
8 322 130 45 533 96 61 2
8 322 131 45 533 96 61 2
8 322 132 45 533 96 61 2
8 322 133 45 533 96 61 2
8 322 134 45 533 96 61 2
8 322 135 45 533 96 61 2
8 322 136 45 533 96 61 2
8 322 137 45 533 96 61 2
8 322 138 45 533 96 61 2
8 322 139 45 533 96 61 2
8 322 140 45 533 96 61 2
8 322 141 45 533 96 61 2
8 322 142 45 533 96 61 2
8 322 143 45 533 96 61 2
8 322 144 45 533 96 61 2
8 322 145 45 533 96 61 2
8 322 146 45 533 96 61 2
8 322 147 45 533 96 61 2
8 322 148 45 533 96 61 2
8 322 149 45 533 96 61 2
8 322 150 45 533 96 61 2
8 322 151 45 533 96 61 2
8 322 152 45 533 96 61 2
8 322 153 45 533 96 61 2
8 322 154 45 533 96 61 2
8 322 155 45 533 96 61 2
8 322 156 45 533 96 61 2
8 322 157 45 533 96 61 2
8 322 158 45 533 96 61 2
8 322 159 45 533 96 61 2
8 322 160 45 533 96 61 2
8 322 161 45 533 96 61 2
8 322 162 45 533 96 61 2
8 322 163 45 533 96 61 2
8 322 164 45 533 96 61 2
8 322 165 45 533 96 61 2
8 322 166 45 533 96 61 2
8 322 167 45 533 96 61 2
8 322 168 45 533 96 61 2
8 322 169 45 533 96 61 2
8 322 170 45 533 96 61 2
8 322 171 45 533 96 61 2
8 322 172 45 533 96 61 2
8 322 173 45 533 96 61 2
8 322 174 45 533 96 61 2
8 322 175 45 533 96 61 2
8 322 176 45 533 96 61 2
8 322 177 45 533 96 61 2
8 322 178 45 533 96 61 2
8 322 179 45 533 96 61 2
8 322 180 45 533 96 61 2
8 322 181 45 533 96 61 2
8 322 182 45 533 96 61 2
8 322 183 45 533 96 61 2
8 322 184 45 533 96 61 2
8 322 185 45 533 96 61 2
8 322 186 45 533 96 61 2
8 322 187 45 533 96 61 2
8 322 188 45 533 96 61 2
8 322 189 45 533 96 61 2
8 322 190 45 533 96 61 2
8 322 191 45 533 96 61 2
8 322 192 45 533 96 61 2
8 322 193 45 533 96 61 2
8 322 194 45 533 96 61 2
8 322 195 45 533 96 61 2
8 322 196 45 533 96 61 2
8 322 197 45 533 96 61 2
8 322 198 45 533 96 61 2
8 322 199 45 533 96 61 2
8 322 200 45 533 96 61 2
8 322 201 45 533 96 61 2
8 322 202 45 533 96 61 2
8 322 203 45 533 96 61 2
8 322 204 45 533 96 61 2
8 322 205 45 533 96 61 2
8 322 206 45 533 96 61 2
8 322 207 45 533 96 61 2
8 322 208 45 533 96 61 2
8 322 209 45 533 96 61 2
8 322 210 45 533 96 61 2
8 322 211 45 533 96 61 2
8 322 212 45 533 96 61 2
8 322 213 45 533 96 61 2
8 322 214 45 533 96 61 2
8 322 215 45 533 96 61 2
8 322 216 45 533 96 61 2
8 322 217 45 533 96 61 2
8 322 218 45 533 96 61 2
8 322 219 45 533 96 61 2
8 322 220 45 533 96 61 2
8 322 221 45 533 96 61 2
8 322 222 45 533 96 61 2
8 322 223 45 533 96 61 2
8 322 224 45 533 96 61 2
8 322 225 45 533 96 61 2
8 322 226 45 533 96 61 2
8 322 227 45 533 96 61 2
8 322 228 45 533 96 61 2
8 322 229 45 533 96 61 2
8 322 230 45 533 96 61 2
8 322 231 45 533 96 61 2
8 322 232 45 533 96 61 2
8 322 233 45 533 96 61 2
8 322 234 45 533 96 61 2
8 322 235 45 533 96 61 2
8 322 236 45 533 96 61 2
8 322 237 45 533 96 61 2
8 322 238 45 533 96 61 2
8 322 239 45 533 96 61 2
8 322 240 45 533 96 61 2
8 322 241 45 533 96 61 2
8 322 242 45 533 96 61 2
8 322 243 45 533 96 61 2
8 322 244 45 533 96 61 2
8 322 245 45 533 96 61 2
8 322 246 45 533 96 61 2
8 322 247 45 533 96 61 2
8 322 248 45 533 96 61 2
8 322 249 45 533 96 61 2
8 322 250 45 533 96 61 2
8 322 251 45 533 96 61 2
8 322 252 45 533 96 61 2
8 322 253 45 533 96 61 2
8 322 254 45 533 96 61 2
8 322 255 45 533 96 61 2
8 322 256 45 533 96 61 2
8 322 257 45 533 96 61 2
8 322 258 45 533 96 61 2
8 322 259 45 533 96 61 2
8 322 260 45 533 96 61 2
8 322 261 45 533 96 61 2
8 322 262 45 533 96 61 2
8 322 263 45 533 96 61 2
8 322 264 45 533 96 61 2
8 322 265 45 533 96 61 2
8 322 266 45 533 96 61 2
8 322 267 45 533 96 61 2
8 322 268 45 533 96 61 2
8 322 269 45 533 96 61 2
8 322 270 45 533 96 61 2
8 322 271 45 533 96 61 2
8 322 272 45 533 96 61 2
8 322 273 45 533 96 61 2
8 322 274 45 533 96 61 2
8 322 275 45 533 96 61 2
8 322 276 45 533 96 61 2
8 322 277 45 533 96 61 2
8 322 278 45 533 96 61 2
8 322 279 45 533 96 61 2
8 322 280 45 533 96 61 2
8 322 281 45 533 96 61 2
8 322 282 45 533 96 61 2
8 322 283 45 533 96 61 2
8 322 284 45 533 96 61 2
8 322 285 45 533 96 61 2
8 322 286 45 533 96 61 2
8 322 287 45 533 96 61 2
8 322 288 45 533 96 61 2
8 322 289 45 533 96 61 2
8 322 290 45 533 96 61 2
8 322 291 45 533 96 61 2
8 322 292 45 533 96 61 2
8 322 293 45 533 96 61 2
8 322 294 45 533 96 61 2
8 322 295 45 533 96 61 2
8 322 296 45 533 96 61 2
8 322 297 45 533 96 61 2
8 322 298 45 533 96 61 2
8 322 299 45 533 96 61 2
8 322 300 45 533 96 61 2
8 322 301 45 533 96 61 2
8 322 302 45 533 96 61 2
8 322 303 45 533 96 61 2
8 322 304 45 533 96 61 2
8 322 305 45 533 96 61 2
8 322 306 45 533 96 61 2
8 322 307 45 533 96 61 2
8 322 308 45 533 96 61 2
8 322 309 45 533 96 61 2
8 322 310 45 533 96 61 2
8 322 311 45 533 96 61 2
8 322 312 45 533 96 61 2
8 322 313 45 533 96 61 2
8 322 314 45 533 96 61 2
8 322 315 45 533 96 61 2
8 322 316 45 533 96 61 2
8 322 317 45 533 96 61 2
8 322 318 45 533 96 61 2
8 322 319 45 533 96 61 2
8 322 320 45 533 96 61 2
8 322 321 45 533 96 61 2
